873;
780;
998;
1129;
926;
987;
881;
772;
958;
844;
894;
932;
835;
889;
832;
752;
723;
777;
824;
848;
865;
851;
748;
769;
777;
961;
1049;
1017;
939;
772;
720;
724;
860;
915;
784;
817;
884;
844;
812;
748;
891;
937;
752;
715;
828;
766;
803;
841;
750;
846;
865;
804;
795;
820;
952;
1006;
849;
731;
788;
774;
814;
806;
760;
772;
748;
937;
936;
774;
825;
808;
827;
840;
732;
777;
792;
723;
776;
785;
814;
809;
766;
854;
825;
758;
854;
841;
716;
820;
912;
796;
816;
798;
710;
881;
915;
851;
787;
742;
816;
806;
771;
785;
779;
804;
804;
737;
732;
771;
881;
852;
764;
880;
915;
835;
809;
721;
724;
803;
724;
721;
768;
796;
830;
750;
702;
766;
785;
737;
728;
704;
724;
828;
904;
806;
752;
779;
774;
739;
761;
793;
753;
728;
750;
742;
744;
873;
833;
774;
852;
820;
782;
812;
798;
753;
769;
804;
820;
801;
777;
750;
785;
900;
836;
723;
774;
800;
756;
816;
809;
769;
825;
849;
848;
859;
761;
851;
881;
732;
793;
814;
768;
793;
776;
793;
777;
768;
804;
800;
792;
716;
768;
843;
809;
849;
894;
809;
811;
944;
953;
787;
739;
849;
800;
740;
816;
865;
830;
747;
718;
708;
688;
704;
737;
729;
758;
809;
825;
817;
771;
745;
795;
830;
811;
753;
779;
820;
756;
772;
787;
769;
809;
912;
915;
782;
755;
816;
832;
779;
721;
793;
894;
830;
771;
820;
800;
817;
811;
809;
811;
809;
804;
816;
836;
822;
801;
766;
798;
779;
803;
859;
782;
768;
814;
833;
865;
792;
740;
803;
904;
811;
667;
721;
784;
753;
828;
817;
753;
779;
816;
832;
924;
936;
795;
774;
732;
721;
721;
785;
934;
860;
854;
808;
640;
692;
812;
822;
833;
830;
806;
830;
809;
811;
827;
819;
804;
772;
779;
846;
843;
832;
808;
820;
771;
785;
870;
798;
793;
782;
800;
910;
907;
844;
800;
840;
872;
862;
854;
806;
825;
825;
756;
736;
756;
739;
779;
713;
657;
785;
814;
841;
908;
870;
921;
881;
844;
907;
804;
784;
814;
772;
723;
708;
763;
811;
856;
828;
808;
832;
841;
798;
700;
758;
846;
814;
864;
977;
926;
790;
732;
747;
772;
769;
841;
958;
860;
820;
792;
721;
843;
836;
750;
670;
697;
766;
678;
817;
931;
835;
772;
716;
700;
768;
808;
808;
787;
764;
907;
888;
737;
732;
766;
777;
867;
888;
763;
846;
910;
894;
955;
848;
729;
803;
1040;
980;
806;
872;
801;
700;
944;
968;
761;
979;
926;
803;
812;
848;
835;
686;
876;
926;
835;
833;
766;
753;
704;
718;
779;
793;
848;
814;
827;
923;
896;
828;
950;
924;
788;
832;
822;
782;
852;
838;
764;
747;
801;
803;
748;
816;
843;
913;
1012;
894;
862;
1033;
972;
996;
857;
633;
700;
705;
888;
1033;
852;
1033;
1036;
760;
920;
883;
747;
1019;
931;
686;
764;
756;
779;
707;
788;
886;
704;
724;
700;
1060;
1224;
1025;
908;
769;
864;
780;
748;
788;
756;
752;
889;
865;
772;
702;
948;
982;
713;
852;
1051;
934;
763;
966;
931;
993;
969;
742;
918;
814;
772;
777;
897;
910;
654;
728;
1075;
1080;
804;
886;
820;
953;
1004;
820;
840;
992;
891;
798;
985;
894;
779;
934;
812;
705;
1084;
979;
667;
732;
784;
764;
808;
844;
788;
900;
854;
776;
852;
822;
1024;
992;
756;
779;
804;
782;
1012;
1040;
771;
769;
788;
728;
792;
792;
852;
912;
729;
827;
1078;
980;
793;
728;
806;
840;
798;
851;
848;
875;
830;
766;
817;
793;
740;
726;
787;
836;
768;
776;
761;
700;
689;
670;
790;
862;
828;
900;
832;
721;
724;
803;
984;
1027;
1027;
1019;
852;
740;
788;
841;
872;
995;
992;
1020;
929;
721;
768;
939;
1073;
964;
907;
964;
958;
926;
920;
892;
854;
870;
918;
777;
756;
854;
859;
883;
806;
753;
720;
772;
772;
844;
944;
915;
928;
924;
995;
1003;
1024;
1196;
1019;
792;
756;
860;
1020;
824;
803;
1016;
923;
729;
846;
832;
697;
835;
812;
689;
774;
899;
865;
777;
836;
833;
816;
952;
956;
870;
876;
923;
883;
784;
726;
683;
864;
873;
715;
752;
934;
1156;
1144;
1033;
1068;
916;
707;
849;
1078;
1070;
836;
1012;
1051;
809;
736;
659;
731;
836;
816;
864;
854;
766;
961;
1048;
806;
715;
726;
750;
740;
713;
833;
793;
782;
766;
876;
1059;
1051;
1137;
964;
825;
1001;
1070;
993;
958;
952;
955;
1070;
1086;
915;
761;
718;
856;
932;
867;
766;
968;
1227;
1024;
846;
843;
787;
822;
1060;
1017;
763;
715;
833;
926;
849;
963;
1216;
966;
907;
1083;
950;
923;
920;
931;
939;
934;
940;
860;
865;
849;
819;
790;
707;
803;
824;
790;
816;
817;
798;
814;
944;
1000;
961;
972;
984;
1152;
1251;
1248;
1148;
1284;
1476;
1200;
1644;
1704;
1185;
1393;
1467;
1395;
1124;
1366;
1588;
964;
878;
875;
1038;
1414;
1448;
1500;
1404;
1185;
1310;
1155;
1235;
1486;
1649;
1630;
1144;
995;
1086;
932;
710;
884;
966;
955;
844;
836;
926;
966;
1011;
912;
854;
924;
939;
851;
816;
785;
777;
819;
761;
793;
852;
1030;
1124;
1035;
1024;
864;
958;
1160;
932;
884;
992;
1014;
1286;
1364;
990;
1006;
1248;
1366;
1312;
918;
1252;
1774;
1470;
1260;
1067;
971;
1246;
1227;
1248;
1366;
1388;
1512;
1685;
1749;
1761;
1510;
1584;
1985;
1603;
1576;
2205;
2040;
1869;
1917;
1230;
1057;
1472;
1144;
736;
998;
1267;
1411;
1240;
1161;
1488;
1264;
1158;
1406;
1517;
1499;
1467;
1465;
1592;
1696;
1581;
1368;
888;
668;
1185;
1424;
1014;
1019;
1284;
1150;
1371;
1257;
910;
1281;
1201;
987;
993;
801;
827;
979;
913;
788;
790;
816;
771;
836;
966;
878;
862;
875;
841;
948;
945;
912;
820;
769;
884;
828;
953;
964;
800;
864;
996;
929;
710;
880;
864;
937;
934;
833;
964;
768;
702;
787;
723;
756;
750;
648;
752;
795;
740;
1267;
1380;
811;
672;
742;
763;
1313;
1707;
1064;
577;
576;
768;
736;
555;
724;
828;
758;
755;
961;
990;
732;
649;
635;
598;
670;
820;
776;
689;
779;
771;
651;
1147;
2198;
2518;
1788;
1854;
2262;
1443;
945;
944;
716;
574;
636;
705;
731;
708;
640;
611;
731;
784;
646;
608;
592;
771;
899;
723;
697;
772;
1337;
1249;
732;
1811;
2040;
2224;
2408;
1248;
804;
1043;
1008;
734;
737;
715;
726;
1212;
1212;
670;
572;
737;
899;
780;
662;
627;
636;
740;
745;
659;
590;
659;
712;
697;
828;
777;
670;
694;
732;
660;
584;
678;
641;
576;
635;
761;
867;
804;
833;
822;
708;
752;
817;
838;
854;
886;
865;
800;
808;
745;
680;
670;
625;
750;
758;
689;
886;
1176;
1092;
825;
977;
920;
702;
864;
857;
617;
612;
745;
784;
702;
700;
804;
1302;
1331;
1088;
953;
718;
760;
1115;
1108;
985;
1001;
913;
1104;
902;
782;
942;
915;
1083;
1124;
1102;
1208;
990;
940;
897;
816;
870;
968;
1020;
1312;
1353;
1211;
1153;
1356;
1923;
1705;
1257;
1238;
1361;
1166;
1027;
1019;
955;
1065;
1060;
1508;
1345;
926;
974;
832;
1139;
1412;
1120;
1195;
1211;
912;
1099;
1499;
1299;
1036;
1337;
1353;
1430;
1361;
926;
1035;
1153;
868;
990;
985;
966;
1550;
1350;
996;
1268;
1708;
1617;
1356;
1307;
1198;
1268;
1577;
1832;
1950;
1891;
1731;
1803;
1638;
1718;
1918;
2126;
1499;
726;
745;
1465;
1989;
1809;
1921;
2065;
1990;
1891;
1284;
667;
1094;
1217;
1536;
2099;
1893;
1824;
1934;
2109;
2355;
2425;
1899;
1080;
1139;
2360;
3482;
2966;
1398;
580;
612;
705;
2987;
6018;
3739;
625;
1329;
3427;
5101;
5130;
4482;
4229;
4240;
2434;
2632;
4943;
4880;
5306;
3461;
1382;
4611;
4083;
1811;
1683;
604;
5610;
11104;
6097;
651;
801;
870;
736;
627;
5165;
5149;
1096;
1283;
704;
716;
806;
1512;
2986;
2219;
1875;
1961;
787;
537;
4389;
6767;
2902;
724;
3997;
4338;
1216;
715;
648;
688;
7475;
13769;
6929;
12354;
12226;
483;
780;
899;
2310;
2355;
11588;
11420;
718;
2433;
5716;
4027;
1819;
1891;
571;
13359;
13623;
10259;
10054;
643;
638;
4893;
4896;
604;
5839;
12495;
7260;
676;
683;
652;
6228;
6146;
14420;
14497;
691;
13322;
13247;
484;
7427;
7507;
7913;
8153;
3466;
3432;
772;
16797;
16718;
555;
4040;
19262;
15963;
12213;
12255;
15065;
15072;
600;
1412;
1566;
12942;
12825;
12079;
26596;
14942;
12881;
12871;
564;
16270;
16186;
4794;
4744;
17381;
17544;
14636;
14432;
12378;
12479;
14660;
14768;
11732;
11536;
6202;
6396;
584;
17242;
17459;
14126;
14027;
6654;
6620;
9702;
9762;
14286;
15326;
2125;
1380;
14561;
14256;
502;
4162;
4237;
6543;
8720;
2803;
14247;
14166;
17629;
23573;
6327;
17746;
17848;
659;
856;
600;
13113;
13044;
18993;
18962;
19439;
19766;
550;
2958;
21145;
18717;
18612;
18460;
16392;
16674;
2798;
24039;
22253;
2419;
2253;
4469;
4421;
3103;
4375;
21214;
39052;
29922;
10947;
641;
20601;
20771;
924;
779;
636;
476;
188;
19695;
19982;
15065;
14758;
9720;
10074;
16222;
21731;
6399;
902;
5754;
8897;
4051;
529;
17157;
24263;
7584;
827;
483;
23514;
43384;
31696;
23395;
11904;
320;
24186;
24675;
593;
5799;
25568;
21473;
2182;
955;
811;
7204;
22364;
22220;
9286;
27355;
36315;
18695;
9456;
17554;
23997;
10602;
3448;
12844;
19162;
13491;
15617;
18168;
18186;
16923;
13316;
14496;
17892;
18215;
18340;
18274;
14620;
14247;
19074;
17146;
11252;
15883;
18349;
13065;
15016;
16717;
16053;
16078;
15129;
18837;
19215;
15357;
17640;
17864;
21433;
17483;
13162;
18391;
17383;
18658;
18815;
13551;
15254;
17744;
12197;
18316;
16008;
15131;
19506;
23392;
31119;
16538;
15557;
14460;
14737;
20164;
6178;
10821;
18295;
13490;
21886;
18593;
17255;
21100;
25471;
21219;
17783;
19525;
21225;
32477;
17975;
12756;
23155;
16246;
3968;
14693;
25471;
16589;
20590;
17869;
15182;
20023;
17315;
20681;
21195;
24620;
30021;
21961;
13247;
20095;
15798;
9885;
18881;
17659;
10781;
18228;
15291;
15995;
26634;
26273;
20820;
18429;
23723;
17557;
15838;
12316;
14249;
26647;
26962;
18263;
19862;
16976;
20052;
20497;
15011;
22318;
20953;
25271;
19186;
18337;
23114;
25591;
23533;
18191;
21867;
14087;
17456;
18615;
18823;
23344;
12471;
12223;
17355;
12015;
18205;
16459;
5940;
8212;
18938;
27495;
17703;
27033;
21219;
18802;
34753;
17837;
19058;
17975;
15474;
33767;
21881;
8989;
28070;
22819;
19194;
27635;
24863;
17304;
19349;
18434;
21905;
24175;
3229;
27588;
50184;
23901;
1889;
19316;
29745;
15057;
4055;
10959;
37711;
39778;
16323;
3773;
1507;
25557;
53370;
49043;
21455;
15011;
43187;
42744;
13407;
2470;
23530;
22605;
31123;
45393;
16107;
25349;
41593;
49307;
63902;
63546;
38565;
7066;
1816;
23296;
52966;
59742;
60467;
62608;
31496;
756;
17936;
45796;
58706;
60993;
54854;
56720;
56065;
33022;
29014;
37362;
46365;
61430;
62812;
51623;
36347;
39810;
26873;
2389;
1512;
20271;
21784;
2854;
29280;
33998;
4951;
2030;
6572;
16565;
12868;
25980;
38197;
13526;
1827;
4294;
3186;
2003;
23534;
35011;
23446;
32674;
22682;
2337;
26382;
56378;
40724;
10752;
6143;
4474;
659;
31424;
33190;
2664;
1840;
3233;
28828;
57400;
36106;
37114;
62150;
34793;
6175;
18810;
37275;
29901;
10920;
31235;
40102;
21388;
12101;
23669;
24158;
29720;
28816;
25370;
24679;
1808;
1875;
32095;
32490;
2149;
15404;
13764;
6985;
8862;
33274;
32784;
14490;
13594;
30250;
36736;
8615;
26484;
26585;
25485;
48182;
55312;
31319;
23520;
23795;
28830;
42979;
24453;
16438;
10155;
8725;
7315;
3726;
16222;
15526;
21729;
21324;
27897;
39426;
31765;
45938;
28075;
28161;
32757;
22997;
19269;
9124;
25503;
40023;
23211;
18575;
33382;
18098;
4771;
13164;
34478;
35454;
29192;
42436;
47154;
45538;
45479;
44051;
42249;
33265;
13353;
7830;
28140;
28949;
37109;
34595;
22782;
19586;
30579;
29989;
25183;
39870;
16261;
2163;
14988;
17447;
9869;
9870;
4635;
12016;
42955;
60724;
31600;
26369;
42606;
44008;
36418;
33766;
38483;
21001;
7825;
4555;
6782;
10381;
16347;
25972;
22216;
8067;
2169;
19385;
32338;
23943;
23210;
28411;
27164;
26154;
31376;
20241;
5261;
7663;
18250;
30454;
33649;
35811;
34409;
22737;
23549;
32516;
32433;
23698;
24182;
33265;
27038;
27428;
35132;
31213;
27884;
23925;
24837;
28905;
26175;
29347;
26306;
25005;
31389;
31042;
31051;
28022;
30499;
35622;
23768;
17063;
26724;
32874;
24055;
18860;
28540;
31384;
25810;
25333;
25865;
27471;
27750;
24520;
27153;
21931;
23253;
29188;
21303;
20975;
24327;
25469;
26797;
27651;
26500;
25087;
23702;
24669;
26694;
21692;
22797;
26218;
26666;
25769;
25525;
28928;
27258;
26940;
24127;
23907;
27767;
25871;
22457;
23238;
27431;
25903;
25945;
26750;
26486;
23810;
24930;
22755;
23261;
25629;
23072;
25631;
22281;
21254;
24944;
27662;
23002;
21190;
22993;
23917;
23176;
23734;
26338;
25554;
27652;
25487;
25687;
26783;
25565;
25802;
26772;
26594;
23320;
23424;
24960;
22467;
20081;
21212;
22237;
26060;
25503;
24248;
25801;
22574;
22841;
25921;
27382;
27451;
27462;
24928;
22942;
24760;
25335;
24743;
25556;
27315;
27039;
26689;
26814;
27259;
26478;
25357;
26161;
24234;
25306;
27202;
25802;
24760;
23026;
25781;
23901;
20489;
24570;
27617;
25420;
25365;
22217;
21483;
26633;
25026;
26354;
27591;
27047;
28832;
24565;
24879;
21987;
23741;
23410;
21880;
29946;
31266;
32845;
21596;
22152;
34121;
25564;
17584;
13846;
20338;
19666;
21236;
25805;
26908;
31338;
31751;
25757;
20102;
19698;
25415;
21710;
20209;
33436;
18035;
24424;
26706;
21758;
36507;
37821;
35473;
21764;
22129;
23826;
23171;
34664;
20443;
22866;
24949;
24120;
23086;
22731;
40439;
26258;
24410;
28491;
28803;
32509;
31195;
24978;
23488;
34358;
18303;
19135;
38068;
28353;
10466;
22805;
26245;
22036;
21195;
17640;
31690;
30075;
29113;
23664;
24759;
22721;
20393;
26743;
23523;
30509;
23983;
23877;
31586;
18410;
21391;
22873;
18514;
28332;
23347;
23915;
27279;
18360;
26910;
32239;
29867;
32191;
18227;
23405;
35179;
31071;
24279;
23014;
24723;
25593;
31200;
24855;
23283;
29222;
23274;
24764;
29787;
30440;
32828;
31757;
20668;
13851;
26100;
24741;
23501;
31232;
22366;
24117;
31416;
27265;
19794;
21048;
26561;
20033;
21603;
28520;
24618;
19626;
15235;
17671;
19991;
24626;
30032;
22723;
25356;
23281;
23910;
27223;
29774;
31237;
22904;
28355;
26146;
28051;
25813;
24688;
36826;
24584;
19724;
30613;
33567;
20350;
18721;
21601;
7455;
5183;
26278;
23010;
24980;
30992;
8891;
19290;
29363;
24381;
20779;
15318;
30134;
27955;
15893;
19509;
28963;
22470;
22941;
24087;
24562;
27830;
26674;
25057;
9482;
27996;
27871;
26087;
22997;
27153;
31048;
14678;
38155;
34078;
6082;
7791;
7830;
17587;
38676;
28607;
23008;
32972;
19436;
28097;
33804;
24797;
19358;
21705;
39282;
44000;
27993;
28712;
26546;
25505;
33775;
28047;
31087;
27999;
30256;
16678;
1556;
20985;
21036;
22832;
28592;
15200;
38570;
31445;
21851;
20524;
992;
27598;
43153;
20604;
30165;
27995;
21843;
28579;
16528;
25796;
18839;
9256;
33671;
28651;
4351;
21050;
23818;
5513;
27649;
28921;
15830;
40324;
31959;
24167;
21409;
29157;
52441;
33071;
17256;
27480;
22531;
20015;
36141;
36901;
18696;
16202;
25871;
29637;
41886;
43283;
21584;
31131;
29891;
27859;
27390;
20828;
31363;
14767;
22611;
42086;
49614;
31801;
9433;
7089;
29369;
44981;
44379;
29184;
12836;
25141;
19668;
28937;
26563;
24378;
23669;
14716;
31634;
19226;
23749;
31061;
11461;
9187;
27619;
25911;
25237;
35793;
20143;
26615;
24242;
7500;
23511;
24031;
10621;
11618;
30754;
24948;
24091;
40923;
22435;
13452;
24403;
26061;
16984;
19193;
16176;
10839;
25709;
31370;
32426;
36808;
35502;
30299;
16637;
10509;
18552;
23967;
29064;
30613;
25536;
22667;
18000;
11800;
20079;
33170;
30837;
29427;
26177;
17431;
18147;
25648;
30954;
31536;
23720;
20431;
19208;
13165;
14105;
20199;
20495;
16838;
12506;
22136;
33636;
30981;
26122;
27214;
30419;
30384;
30989;
33522;
34811;
30379;
22520;
12281;
9270;
11407;
20489;
30547;
23898;
16600;
23823;
26900;
21348;
25772;
30760;
27902;
20639;
16986;
18634;
19016;
25332;
28809;
24437;
25620;
28662;
23781;
24173;
27699;
24250;
26221;
24996;
20271;
17683;
14607;
20847;
28028;
32421;
27691;
18549;
16685;
21895;
24350;
19069;
14492;
16528;
28483;
33489;
30411;
29098;
25231;
21836;
23214;
24485;
28728;
21548;
14190;
21027;
29467;
32570;
23690;
20342;
26462;
23670;
22241;
30090;
25175;
20622;
24445;
26487;
32069;
32104;
27108;
26721;
27567;
20804;
20449;
29949;
30464;
30115;
31181;
29565;
28265;
27676;
21126;
23578;
26773;
24698;
27971;
23024;
21007;
23696;
25482;
22502;
23150;
26742;
26572;
27599;
29307;
27734;
28504;
26953;
24504;
28846;
28765;
26854;
28638;
24824;
21963;
27078;
25966;
26377;
26417;
22928;
22660;
22736;
22017;
22003;
21969;
25761;
26186;
20993;
22612;
23387;
20359;
24055;
25442;
21875;
24106;
25079;
24127;
24405;
24119;
23363;
21886;
24239;
25879;
23520;
24709;
26164;
23810;
24912;
22561;
23435;
27127;
22902;
26013;
27758;
29784;
33490;
24746;
16830;
21899;
28907;
19533;
15854;
29048;
22917;
14449;
11890;
3179;
30389;
41633;
13061;
4267;
30168;
57923;
49350;
19159;
804;
9845;
16208;
20608;
43256;
51805;
28673;
6878;
1070;
1105;
7798;
35188;
33436;
29289;
24802;
10923;
42929;
33597;
3270;
15613;
14132;
960;
27792;
58562;
31396;
3371;
18295;
35872;
21174;
851;
0;
22826;
34524;
41955;
56275;
27066;
1048;
18188;
41070;
46899;
24848;
3786;
3773;
931;
5226;
23230;
48072;
30671;
715;
14164;
43904;
61060;
62420;
31805;
30613;
55728;
41307;
42782;
54329;
57482;
58042;
29952;
3912;
20681;
42955;
29381;
28140;
46217;
40801;
18698;
10746;
30647;
36301;
20444;
9387;
25873;
39986;
19194;
31610;
59473;
47423;
18801;
21235;
42443;
45063;
53017;
59540;
49209;
28087;
20582;
15579;
4647;
1587;
1419;
1649;
1140;
284;
16706;
39943;
41191;
30085;
13159;
32381;
49669;
40631;
44860;
52495;
50333;
47392;
59085;
60753;
57933;
39745;
10576;
21060;
22216;
4621;
20222;
41168;
55505;
52871;
45581;
24767;
1995;
2142;
2222;
31701;
57135;
38109;
39265;
58842;
62859;
57517;
26922;
11892;
11295;
1398;
1587;
21355;
46825;
52058;
35342;
9878;
470;
200;
968;
31520;
54348;
31364;
8600;
3845;
3944;
2160;
5696;
26508;
38650;
17093;
21512;
27303;
7337;
17474;
32357;
36954;
21692;
9608;
14281;
10094;
26892;
43510;
29523;
31075;
27414;
33074;
29992;
3557;
8776;
32071;
26462;
19431;
42782;
26755;
4517;
19236;
33948;
28006;
31432;
39172;
29955;
32308;
24122;
24218;
23494;
22569;
23059;
23224;
21171;
16899;
44728;
38988;
35134;
25586;
22195;
30819;
35241;
30650;
21006;
25973;
18511;
25845;
37066;
35723;
23408;
14897;
9507;
23555;
26055;
21632;
26324;
16515;
19455;
34134;
26615;
21884;
28393;
26364;
19794;
25013;
29914;
27001;
24279;
17375;
26418;
24258;
27081;
39754;
42547;
24799;
17687;
26553;
29608;
23878;
21521;
19431;
21457;
17695;
25256;
36260;
20375;
28705;
20583;
31821;
49886;
19196;
1243;
30186;
53729;
28334;
4346;
9746;
9704;
10034;
10635;
2150;
21688;
52442;
46498;
14857;
8264;
39324;
50118;
19033;
1491;
2393;
32220;
59100;
40582;
12508;
753;
1796;
28232;
45239;
30679;
40097;
56984;
48246;
37896;
44876;
48019;
22241;
1401;
33844;
52489;
40483;
20440;
29875;
49781;
49944;
62059;
32378;
1939;
9635;
9499;
28793;
48976;
21630;
1369;
2649;
27433;
57704;
62573;
36990;
7391;
28369;
52256;
25593;
13700;
45187;
56737;
48974;
24663;
14303;
22387;
26055;
44178;
27295;
22256;
26234;
31770;
27961;
17682;
24371;
29118;
27171;
29962;
39834;
15349;
32823;
64816;
62958;
42473;
13764;
3190;
2257;
1526;
1572;
2571;
4474;
11093;
26309;
38258;
34257;
14449;
1224;
2324;
1193;
13380;
44442;
31151;
1107;
31479;
54678;
25293;
31575;
32897;
3110;
29987;
30358;
33465;
32511;
1392;
33385;
32829;
24223;
24922;
28629;
27785;
7387;
7718;
2072;
32051;
34761;
8625;
32051;
28678;
17472;
17231;
4111;
23309;
20936;
29720;
53092;
47142;
24528;
17438;
17178;
31807;
31325;
29648;
40223;
11784;
13199;
38008;
29792;
29416;
39036;
14964;
18960;
42689;
50288;
46575;
23795;
13311;
14752;
20564;
18468;
33466;
31740;
31799;
38104;
18643;
44128;
32245;
964;
7038;
16923;
11000;
1164;
29546;
28613;
2755;
33753;
32303;
32690;
37642;
7159;
16610;
23675;
29686;
51586;
46646;
16751;
31248;
34274;
4448;
22352;
21216;
31639;
31407;
9927;
32258;
23171;
10110;
18332;
13859;
35681;
34420;
4723;
20001;
18986;
23336;
29691;
7492;
1360;
24056;
30691;
38738;
32658;
13658;
39178;
51909;
26034;
12132;
16368;
5607;
1712;
18252;
18143;
31536;
31479;
15677;
15768;
19724;
29221;
10533;
29349;
29851;
1310;
5791;
5159;
14200;
45412;
32530;
6785;
15372;
10142;
27350;
29734;
3589;
1518;
21755;
22254;
25400;
25685;
16749;
16736;
1321;
18845;
28174;
10546;
17832;
42326;
26289;
4131;
34102;
62797;
32249;
32233;
41164;
10454;
29723;
29757;
8944;
17728;
11834;
16349;
46159;
53945;
24112;
32828;
31626;
31682;
31656;
28165;
29595;
2915;
31762;
30520;
22658;
33798;
12135;
24293;
23325;
31952;
32940;
1652;
652;
913;
26284;
26716;
5432;
32730;
29808;
10542;
32349;
23011;
18215;
47366;
44371;
19913;
16605;
13453;
1742;
19122;
26060;
28430;
22289;
9627;
33719;
30658;
23662;
36773;
47846;
61855;
34233;
1913;
1120;
2502;
6499;
15614;
20283;
26473;
41748;
24988;
17963;
30230;
41087;
55880;
45141;
20607;
8652;
15159;
25392;
36033;
39172;
38925;
30891;
14964;
4826;
16769;
28683;
13724;
16531;
24144;
12628;
5530;
13703;
16947;
6135;
2448;
1390;
11090;
27711;
39469;
28534;
19009;
24680;
18416;
22753;
32922;
30618;
17419;
14031;
16341;
21391;
33649;
30333;
16616;
19756;
31163;
20526;
14907;
17536;
26791;
29830;
21260;
24004;
28587;
22171;
18306;
24421;
22648;
24013;
27297;
24006;
18309;
23070;
31977;
29261;
26180;
24400;
27042;
26466;
22105;
25717;
32977;
25468;
23235;
20146;
22307;
24599;
21851;
22019;
17891;
26482;
29917;
32813;
32849;
18879;
22392;
31028;
15387;
19044;
20830;
23918;
24325;
6036;
13607;
27403;
34881;
24088;
18733;
25360;
28748;
19233;
8385;
37307;
61403;
33429;
32641;
44703;
14283;
1195;
26223;
26556;
20548;
20988;
22196;
21198;
28347;
50946;
29030;
19194;
14524;
19591;
25933;
36155;
36120;
7547;
17087;
21577;
7916;
27231;
26441;
31237;
57069;
30659;
3661;
10221;
40826;
48739;
16736;
5770;
31888;
26938;
1072;
21776;
46735;
51023;
41502;
16070;
30941;
34049;
21896;
19317;
32833;
32953;
11469;
40625;
30290;
1000;
908;
10062;
31789;
28332;
23707;
33158;
48739;
34036;
10293;
9425;
13113;
13290;
14009;
43000;
36744;
7174;
16795;
43939;
46545;
19972;
5156;
37352;
34246;
33366;
64654;
65535;
33740;
1153;
398;
11301;
42489;
46865;
46020;
63328;
65535;
32770;
3;
11146;
32245;
46476;
37944;
12567;
4127;
28022;
24749;
15953;
40436;
26972;
33148;
31513;
4482;
7625;
33615;
62513;
64179;
41910;
22373;
29385;
49275;
33244;
27124;
52850;
59149;
62360;
62457;
65531;
65424;
64106;
62619;
60007;
29001;
27811;
55974;
45756;
18306;
1777;
902;
473;
12186;
12841;
23075;
54721;
33820;
24395;
54947;
64235;
60932;
29315;
1326;
312;
569;
569;
3;
131;
18468;
26314;
30400;
55193;
32767;
1086;
16720;
44603;
61050;
64848;
52368;
42140;
23616;
15176;
18967;
28041;
50878;
59949;
35105;
2936;
27516;
55918;
60951;
63938;
46465;
35056;
26629;
12405;
6095;
9155;
19679;
40899;
61995;
64653;
55547;
48014;
57528;
32293;
424;
1355;
1908;
2033;
31146;
62857;
64547;
64435;
64760;
64710;
64334;
32005;
524;
248;
1057;
30826;
29768;
948;
33716;
32767;
963;
33730;
35491;
2723;
0;
112;
112;
0;
24609;
57304;
47093;
15534;
19972;
51603;
65535;
42848;
10080;
628;
9445;
40894;
61047;
60617;
38268;
8677;
2171;
1294;
33122;
32791;
27876;
51776;
24986;
934;
14423;
26630;
14062;
16454;
30136;
14841;
32767;
33239;
1504;
1737;
2083;
8484;
7518;
1732;
22240;
21126;
6548;
13831;
32327;
42153;
50085;
38093;
6217;
18032;
25877;
27385;
18956;
22294;
45272;
33077;
35136;
43061;
23149;
15893;
32554;
23077;
26069;
25373;
19665;
19425;
24452;
24786;
27209;
32157;
6449;
25453;
25490;
9393;
11599;
26972;
24280;
33436;
41151;
21726;
13913;
1384;
15097;
14601;
21043;
36430;
15981;
27223;
27462;
32593;
32077;
20691;
41466;
51760;
31663;
24986;
25298;
1248;
15806;
18290;
4354;
14695;
13790;
7070;
6362;
23135;
30586;
7451;
1220;
26378;
25212;
32821;
47980;
16329;
32319;
31202;
9214;
41982;
35814;
3046;
1065;
33610;
32553;
32049;
35716;
4205;
1558;
32418;
54049;
23088;
26124;
32412;
6758;
776;
1608;
26220;
44498;
20342;
33226;
44366;
13101;
15220;
14643;
26638;
40617;
25865;
11692;
656;
3530;
10773;
9579;
2461;
1912;
23080;
24725;
2922;
2189;
2858;
29928;
37435;
8904;
1193;
1588;
2296;
16070;
20441;
9880;
5151;
27740;
47537;
24309;
6913;
3618;
825;
3752;
25482;
23157;
17208;
39964;
50987;
37815;
19446;
11609;
7321;
20916;
41982;
51336;
25687;
3099;
19884;
34140;
29491;
12538;
5444;
11973;
19833;
34750;
35011;
13713;
10251;
10531;
29601;
58719;
51251;
39037;
22382;
29816;
47174;
44914;
28017;
7431;
16177;
25850;
25927;
45964;
35227;
17018;
37680;
28952;
5165;
5161;
23440;
36541;
18434;
8885;
9453;
6738;
36531;
32029;
13916;
30451;
19135;
2142;
20754;
38677;
19279;
19735;
36778;
43049;
32178;
13572;
33962;
27385;
14360;
15680;
30797;
43877;
15057;
24775;
25189;
1401;
4730;
32280;
28182;
644;
22725;
40250;
18812;
21057;
24029;
4075;
953;
32905;
46037;
28371;
19764;
26159;
22037;
1422;
30318;
29962;
30523;
30456;
10616;
10637;
15569;
28028;
13165;
30427;
35081;
11861;
37390;
31588;
12177;
14475;
25082;
39383;
18511;
13697;
13294;
31917;
31970;
22757;
22032;
27219;
41934;
15726;
5817;
5271;
28790;
28481;
142;
20359;
36251;
16163;
8376;
40004;
35569;
8326;
5017;
33127;
32767;
32767;
32783;
16;
32767;
32767;
25782;
26658;
948;
1315;
27134;
35126;
10104;
1529;
7023;
29885;
49800;
58525;
60257;
34015;
6514;
3309;
26747;
23946;
14891;
28291;
45140;
32324;
6441;
6522;
1387;
788;
6506;
27630;
21568;
916;
641;
19726;
51711;
56720;
25276;
764;
353;
526;
1773;
14691;
45650;
32466;
28;
566;
1385;
5029;
5065;
1489;
4309;
27899;
44701;
22597;
25300;
32762;
10834;
22957;
29858;
10832;
21035;
33474;
41532;
30723;
8345;
22073;
19021;
13353;
35918;
47321;
28382;
15726;
33977;
24957;
18957;
19553;
16018;
29291;
33731;
19300;
18941;
30661;
28848;
22107;
26646;
25178;
21228;
34812;
24274;
23040;
35763;
26337;
28846;
33458;
22664;
26404;
23202;
16742;
28248;
25232;
15526;
13238;
7692;
18466;
29456;
25503;
28038;
25481;
19593;
27713;
25447;
20723;
29243;
28665;
25455;
20172;
17333;
31284;
27202;
11749;
18458;
31151;
19516;
19799;
32754;
30267;
28516;
21960;
25074;
30293;
24839;
26606;
28657;
18372;
22611;
29520;
27353;
31303;
23378;
16605;
27086;
25948;
25044;
32013;
23070;
24403;
24331;
30827;
25903;
22754;
31328;
22545;
17010;
23688;
28784;
14860;
26113;
28680;
22310;
16077;
19193;
19956;
15597;
27327;
26258;
29301;
48696;
62009;
34617;
11752;
18735;
21604;
9339;
134;
9285;
10037;
23026;
53121;
63621;
45095;
12490;
8760;
34915;
26858;
920;
344;
32767;
33690;
1422;
1156;
688;
20499;
33402;
26929;
14075;
696;
2019;
1939;
32376;
32559;
5517;
5463;
1395;
1350;
1140;
908;
870;
483;
326;
1024;
697;
5346;
25037;
51232;
57096;
58240;
44629;
13841;
2510;
612;
5494;
29235;
23836;
388;
294;
536;
536;
0;
0;
0;
56;
56;
500;
33268;
32781;
14;
0;
942;
33709;
65535;
65535;
65535;
65535;
65535;
65535;
45290;
13454;
11375;
23926;
45780;
32609;
1316;
14188;
13183;
385;
19273;
44882;
27188;
15886;
14718;
777;
8155;
38312;
30909;
830;
17050;
16346;
28536;
28598;
5060;
5676;
2453;
2056;
1396;
33756;
57093;
24327;
646;
30722;
30679;
12101;
12029;
14131;
24509;
10911;
3455;
33635;
30603;
19527;
46852;
28875;
33882;
48379;
18546;
28512;
44440;
21259;
2410;
582;
2073;
34258;
32839;
32839;
33169;
16498;
36310;
38948;
18733;
2742;
2834;
1040;
8883;
36139;
42909;
14704;
23136;
45480;
24383;
33593;
31693;
29821;
52242;
30885;
8467;
32909;
33095;
1249;
29357;
28435;
123;
29646;
32340;
3651;
27739;
59671;
46695;
14788;
13551;
13383;
8937;
8392;
12148;
12225;
1340;
22072;
20974;
828;
12013;
11204;
32325;
54161;
21835;
793;
33145;
63771;
34455;
35803;
32767;
260;
12269;
41319;
29448;
28875;
29870;
22875;
26663;
29032;
24332;
24226;
24620;
33353;
33085;
26642;
27815;
27066;
26343;
25818;
25039;
6678;
36931;
30621;
3277;
32394;
32173;
3880;
1489;
26814;
35789;
9667;
22688;
55031;
33069;
7225;
32285;
30527;
15949;
28848;
29027;
11415;
6212;
25479;
37890;
44767;
27306;
1214;
19036;
19637;
21062;
20660;
33119;
34254;
1806;
13070;
14686;
2286;
5823;
6081;
23751;
54980;
32615;
32157;
33806;
14456;
13657;
25781;
29326;
29492;
37525;
13092;
31330;
31271;
14805;
43933;
51333;
44101;
29584;
8521;
26366;
46997;
42681;
46337;
46399;
45711;
51138;
48559;
32159;
11379;
3334;
3086;
1540;
5855;
19604;
32633;
37957;
43678;
44663;
43475;
41027;
21952;
8152;
23058;
23573;
20527;
16168;
15533;
32690;
25034;
7905;
8488;
28832;
46562;
40815;
34007;
45149;
31311;
19362;
39828;
36803;
23446;
28039;
33188;
39623;
37618;
38487;
49052;
45130;
28817;
25975;
31028;
36629;
34920;
14416;
2043;
3419;
11831;
25445;
34718;
36573;
32125;
27250;
28889;
26953;
19886;
11277;
3562;
5633;
20825;
36477;
41611;
36145;
17872;
4303;
2538;
2966;
6713;
11399;
28889;
41532;
31343;
16770;
16237;
28696;
20393;
4832;
7723;
18325;
34567;
42587;
40566;
39746;
39636;
38892;
26103;
19482;
13174;
4227;
9656;
28249;
38474;
19822;
8283;
17738;
26476;
36589;
48500;
42305;
49339;
32967;
32881;
33169;
32501;
32933;
30125;
29402;
30109;
38759;
40470;
31876;
24420;
25130;
31272;
30522;
31194;
50094;
19546;
23909;
23685;
3783;
26572;
27092;
15291;
11586;
4339;
31520;
27838;
25959;
30503;
5127;
28867;
34713;
21822;
21332;
26405;
37589;
17323;
22480;
49126;
39242;
22116;
10902;
30378;
29722;
29784;
29918;
13452;
19679;
38448;
33890;
31491;
29600;
16786;
16917;
28419;
30658;
6231;
20398;
17106;
1174;
9499;
27766;
19666;
9022;
36350;
44341;
18583;
3176;
25589;
24855;
4045;
22621;
19207;
26298;
25930;
15009;
35664;
21550;
24451;
24661;
25716;
24941;
894;
24863;
55616;
31722;
32194;
31911;
22032;
54343;
39729;
8936;
17040;
15873;
4474;
5028;
30541;
29530;
24906;
25690;
32282;
32652;
1156;
580;
26165;
26637;
1059;
31149;
33365;
7735;
38125;
33809;
10493;
38368;
29442;
4333;
30113;
26238;
13839;
13755;
25412;
52060;
46654;
21808;
31732;
31690;
8705;
7955;
21321;
23971;
4847;
1334;
31948;
31802;
9118;
38857;
29739;
19170;
49758;
52841;
22344;
91;
23450;
24293;
864;
10680;
43427;
33583;
8448;
32344;
25400;
1204;
30757;
31947;
2894;
13438;
32737;
52719;
64403;
34199;
11034;
9950;
20244;
40567;
23829;
3694;
33901;
33940;
1172;
16687;
27415;
11436;
707;
3615;
30991;
35473;
8761;
1456;
26594;
41111;
26799;
44258;
65069;
40559;
9342;
1084;
1033;
1033;
7555;
17187;
38293;
59399;
62220;
31482;
1176;
33943;
33889;
1121;
1016;
33783;
64234;
64234;
46738;
46738;
45195;
12428;
0;
4881;
6079;
2224;
1756;
31528;
63565;
65533;
33170;
755;
25140;
27655;
27806;
29465;
22454;
41495;
27529;
4680;
19822;
30566;
16177;
17714;
14692;
19446;
21872;
12698;
9176;
3291;
22246;
22257;
31540;
36608;
26068;
21763;
7731;
22477;
18924;
10278;
42337;
65535;
58835;
28766;
3536;
33605;
43845;
25440;
21000;
7407;
27186;
33894;
35721;
31591;
4071;
25035;
34403;
32455;
41772;
21020;
14796;
25048;
29000;
34073;
18149;
20983;
25045;
23845;
20297;
24732;
35020;
32545;
28676;
20220;
27169;
18834;
25108;
24083;
25461;
35364;
17783;
21411;
20865;
28291;
25010;
19746;
29896;
32773;
21870;
2158;
23565;
23085;
25801;
33314;
34614;
28004;
2266;
5005;
11827;
8111;
31344;
30752;
31308;
55129;
24252;
1123;
12756;
12705;
14398;
43296;
54089;
41548;
26325;
9467;
33338;
54010;
25344;
4130;
32577;
33529;
12900;
29149;
28419;
22032;
12305;
2024;
14318;
14588;
30136;
57030;
39013;
37427;
27319;
2283;
33357;
32676;
11972;
11549;
1014;
3635;
13386;
11069;
32847;
65311;
64866;
39047;
7655;
33412;
32705;
969;
30157;
41268;
13055;
33020;
32045;
1116;
31952;
31276;
25020;
24580;
1065;
29761;
30658;
3016;
33821;
33650;
12588;
13700;
2010;
31488;
46090;
26740;
12692;
804;
1332;
30666;
45077;
15773;
10421;
25729;
15573;
840;
31218;
62395;
32612;
1571;
3928;
29131;
58501;
65062;
33673;
1187;
254;
9946;
19063;
22243;
24303;
14231;
3055;
392;
1283;
1873;
14449;
14241;
30720;
42728;
31528;
50145;
62681;
49025;
26905;
30272;
51725;
31378;
18620;
34884;
17687;
5332;
5041;
10109;
31226;
43374;
32429;
31175;
49798;
52700;
42705;
42195;
50493;
48652;
32441;
14576;
4759;
10386;
23930;
19386;
4472;
1244;
18042;
20758;
3892;
11138;
36288;
25180;
7183;
38431;
55739;
24594;
652;
1862;
1390;
1121;
2057;
1548;
1209;
1744;
2220;
7114;
31045;
25052;
24895;
57662;
45628;
13134;
1384;
28955;
35933;
13470;
5382;
448;
1889;
7135;
38405;
63957;
32703;
1989;
939;
1358;
8705;
10504;
11908;
10925;
2102;
1003;
1616;
12721;
26457;
41710;
27025;
137;
150;
30685;
31621;
29605;
34503;
5881;
32693;
32660;
502;
33269;
52410;
21195;
2240;
15201;
15502;
24984;
25132;
7553;
39184;
42047;
41369;
32089;
13681;
46449;
32767;
32767;
32767;
26188;
27214;
33793;
32767;
32767;
64864;
32949;
4629;
4592;
21296;
21268;
1508;
5528;
13578;
9885;
10334;
10190;
1566;
29757;
61929;
32767;
32428;
33161;
32367;
32325;
9731;
37912;
29310;
31975;
37747;
24784;
32801;
14438;
528;
19077;
47836;
31832;
6630;
15518;
12525;
1040;
294;
28785;
28861;
30062;
32012;
2158;
32767;
32807;
32506;
32700;
33001;
32767;
609;
6183;
6404;
23499;
55436;
33658;
1024;
32900;
33327;
25018;
47534;
23075;
0;
32767;
39632;
7774;
28560;
28336;
11788;
43841;
33665;
8270;
16762;
41204;
40931;
9888;
33455;
33642;
15056;
15230;
24861;
24920;
7945;
37925;
32186;
7095;
38821;
32767;
2501;
2501;
19350;
49499;
62916;
33045;
32785;
32575;
31991;
33535;
2552;
33706;
32767;
18762;
20684;
16017;
16214;
8524;
7242;
1313;
23277;
24555;
2688;
33700;
33636;
868;
31152;
31927;
9589;
36573;
27779;
16731;
48955;
32986;
1534;
2805;
23747;
53069;
46029;
15548;
886;
137;
8056;
11072;
3269;
627;
931;
4669;
28452;
42182;
38067;
47969;
28747;
20284;
43017;
35761;
23326;
11296;
345;
3903;
6279;
5218;
3306;
18770;
50829;
37827;
5701;
3579;
34150;
38352;
37799;
31530;
1385;
787;
273;
32657;
33485;
15557;
46066;
36878;
38307;
61190;
39570;
39957;
58046;
60316;
59444;
55252;
27916;
1305;
875;
25442;
52664;
50885;
28749;
30547;
36891;
22096;
25327;
15661;
811;
929;
529;
11460;
14097;
4292;
27460;
37773;
16166;
5810;
4154;
11709;
34110;
32056;
7836;
25940;
42403;
29011;
36693;
44581;
25650;
8334;
20927;
47516;
49598;
30781;
10882;
32044;
34507;
4721;
31796;
61635;
38603;
21787;
45980;
56963;
49406;
23946;
2874;
2794;
7497;
15993;
9277;
1425;
676;
118;
843;
1454;
18090;
46759;
29883;
776;
259;
49;
1048;
1526;
16486;
34896;
36472;
21801;
4266;
0;
0;
0;
21033;
41532;
21270;
899;
153;
12578;
35291;
52817;
61967;
64629;
64005;
32061;
1169;
13110;
14892;
9653;
31880;
53649;
34316;
6478;
24980;
48119;
31540;
15901;
37959;
40913;
12316;
8848;
25471;
32924;
34098;
18413;
1134;
5391;
16360;
15064;
27094;
27387;
8808;
8819;
27060;
26476;
13242;
30490;
28054;
26916;
24684;
24597;
24813;
8228;
9835;
25609;
22136;
22265;
36654;
33309;
27220;
19426;
29003;
22341;
19151;
21865;
4370;
7100;
18842;
22045;
21768;
17443;
25890;
39002;
23344;
21833;
22984;
28893;
40372;
23325;
22321;
32489;
26042;
28464;
23826;
25028;
33994;
24448;
27150;
31008;
30730;
35843;
19314;
13215;
29501;
20947;
21686;
25098;
14908;
12172;
17932;
29253;
29318;
27318;
18189;
21238;
33826;
28017;
29005;
26026;
21809;
33587;
36214;
22947;
13673;
19097;
32210;
23720;
20254;
37450;
25826;
20911;
33308;
27138;
30638;
33978;
33343;
38199;
26460;
12220;
22243;
26521;
14931;
10917;
15025;
30347;
33975;
21139;
6655;
21475;
28043;
8452;
21705;
23994;
21041;
32512;
22182;
12425;
11282;
13417;
25549;
22217;
20194;
23902;
17447;
12935;
18796;
35939;
25292;
16648;
29150;
26433;
27582;
35869;
21348;
19894;
33454;
28163;
25108;
28088;
29373;
31511;
32061;
32193;
22714;
23800;
36344;
27249;
21486;
27142;
15963;
20927;
24221;
7121;
14342;
35016;
25679;
18820;
34830;
19879;
1262;
3443;
25189;
28838;
9822;
22261;
40876;
36885;
35185;
38968;
25458;
14224;
15003;
22762;
36818;
40802;
29701;
17032;
26455;
37917;
36006;
25618;
8201;
17125;
32473;
33727;
33492;
18333;
9574;
11770;
13582;
22526;
19010;
21721;
29954;
25316;
25148;
32831;
35550;
17301;
5490;
16264;
30603;
33678;
20684;
16552;
20007;
28184;
19506;
29842;
29504;
21542;
21451;
579;
20346;
37051;
41371;
30576;
30291;
41719;
28198;
13702;
8438;
33729;
28947;
25330;
51984;
50352;
23845;
10621;
33153;
43691;
40127;
42152;
40914;
33660;
17453;
5895;
17794;
30013;
37984;
42089;
38957;
37430;
40817;
22653;
15685;
37618;
44315;
41977;
36849;
38603;
29230;
25586;
40218;
30149;
17261;
11759;
17135;
30576;
30855;
25192;
22385;
25415;
19626;
22523;
33820;
33089;
34276;
39149;
26156;
12105;
19367;
33393;
40527;
44171;
43185;
37078;
22294;
9152;
23586;
44328;
48028;
40907;
36498;
36853;
38615;
37906;
30288;
17700;
10595;
11865;
23879;
38096;
37358;
28286;
12751;
11641;
19010;
24213;
17336;
21881;
21012;
26850;
27302;
1195;
31904;
31567;
13215;
19413;
7681;
34251;
50790;
18381;
18141;
22243;
6759;
14438;
41993;
59986;
30395;
27297;
42304;
24469;
21129;
31756;
44800;
27407;
12196;
14336;
11604;
23160;
35635;
22502;
6638;
6044;
21012;
24909;
10607;
8075;
20182;
17075;
33428;
33044;
23602;
24229;
27687;
35348;
40964;
33237;
5503;
36968;
37714;
6346;
4427;
35680;
32313;
32789;
63561;
47412;
49272;
33234;
29387;
29865;
16240;
26031;
40194;
29874;
7169;
8425;
10594;
41678;
36212;
34166;
31579;
859;
2400;
34066;
33282;
2461;
1068;
10002;
37261;
55745;
37109;
9125;
10711;
26449;
39330;
53542;
40934;
10909;
203;
4143;
12034;
18778;
10906;
12463;
39903;
53748;
47955;
35459;
39025;
29037;
5863;
12298;
22256;
12941;
1761;
1504;
1099;
29054;
29464;
1409;
603;
32801;
34897;
2129;
32521;
33303;
33549;
34145;
1377;
5441;
26815;
53830;
36152;
19180;
21916;
6482;
3405;
29565;
36358;
42339;
55471;
23819;
835;
28182;
28640;
769;
9470;
19263;
36946;
36512;
18272;
9579;
1224;
5844;
22485;
41785;
30648;
6420;
873;
595;
94;
2859;
16936;
15302;
2877;
2041;
13391;
23894;
27214;
38180;
49081;
27780;
798;
1689;
11144;
12477;
2968;
243;
262;
1707;
1875;
654;
593;
8809;
31597;
23359;
20966;
34814;
25332;
21105;
17439;
18922;
32434;
38061;
19273;
15309;
35369;
22865;
28068;
50902;
52901;
57149;
43978;
37064;
21372;
1372;
875;
1011;
3851;
3237;
30160;
51965;
32557;
27713;
37407;
27833;
9387;
26863;
44333;
20539;
13540;
31616;
38396;
36430;
28048;
26129;
18693;
21497;
30712;
18048;
28950;
26289;
22181;
42040;
23139;
21960;
42227;
26138;
5681;
252;
115;
2363;
2728;
29513;
38079;
9586;
3355;
10451;
29070;
48675;
56438;
59703;
33599;
3008;
4402;
4492;
267;
324;
984;
6005;
24877;
39807;
26125;
26116;
39543;
28694;
11191;
2433;
2105;
2024;
30042;
34918;
35131;
43994;
14204;
182;
180;
120;
24648;
55422;
30984;
763;
23338;
40764;
24587;
6647;
424;
24613;
49099;
39141;
15944;
20223;
40250;
27604;
6339;
24824;
30775;
27865;
42129;
31314;
34065;
23614;
23774;
23786;
15438;
28747;
31037;
27980;
16760;
18990;
19479;
31319;
41894;
18196;
1726;
12492;
35548;
37095;
15616;
6723;
26204;
25817;
23003;
34547;
15745;
646;
5836;
32031;
32647;
32911;
27639;
28627;
59956;
63110;
60252;
45370;
23112;
7316;
609;
1051;
26930;
37115;
35752;
45668;
39248;
18709;
15221;
39023;
24493;
7468;
34164;
57273;
42640;
23173;
14020;
26958;
39306;
40634;
25882;
1392;
28152;
32247;
22941;
25999;
22462;
27431;
17536;
28003;
32920;
20358;
34035;
28652;
32176;
28353;
16864;
33598;
18640;
23067;
33522;
11425;
25620;
25527;
20446;
20492;
22361;
36013;
15046;
21203;
32152;
15400;
23646;
20903;
16589;
41079;
30051;
30928;
33326;
7276;
656;
31807;
51224;
21307;
24059;
23341;
17682;
20908;
4096;
1176;
7001;
7067;
30512;
35710;
9067;
9650;
15345;
28499;
20612;
23683;
39954;
17746;
24778;
29539;
8384;
34310;
43449;
12562;
2971;
16621;
32825;
19894;
18770;
36539;
30339;
38445;
27241;
11448;
36645;
25698;
20403;
24556;
14267;
35901;
31824;
22200;
29112;
37298;
25074;
27726;
27449;
15472;
15366;
4773;
8177;
35683;
34939;
3298;
26297;
26140;
26308;
28220;
2923;
15115;
14579;
1672;
34439;
33580;
22729;
46729;
25162;
17231;
18090;
10064;
29520;
21292;
2787;
19242;
38032;
21201;
27630;
36094;
26281;
18349;
27207;
26874;
13303;
32890;
44610;
27510;
27487;
50763;
26758;
18885;
42028;
24226;
14944;
26809;
16125;
32109;
58042;
29795;
18373;
35071;
17373;
30773;
30624;
30222;
30154;
12401;
33942;
23246;
26161;
37947;
13228;
29840;
30018;
10916;
11111;
25266;
32220;
15781;
11784;
20969;
48579;
34497;
4267;
10530;
29497;
20676;
28580;
28030;
25876;
26241;
3279;
32626;
58904;
35789;
7611;
33385;
33615;
30599;
30026;
29941;
30342;
15192;
15326;
23997;
23763;
1483;
16575;
15968;
28597;
28702;
3720;
26436;
34911;
14649;
6361;
24835;
21464;
180;
21504;
26852;
5937;
31471;
30954;
1611;
32791;
31612;
33177;
33774;
1401;
4674;
22709;
18695;
30563;
30298;
12636;
16525;
31168;
34100;
7614;
23589;
26031;
24046;
21502;
1156;
16688;
16904;
31252;
51450;
20960;
31476;
31412;
32783;
48251;
15483;
31405;
31935;
33276;
33265;
32665;
32961;
10499;
35814;
37066;
11156;
396;
32945;
42446;
10458;
22984;
22205;
30631;
30738;
20214;
36802;
17322;
32210;
64350;
32834;
32834;
39469;
38852;
32933;
15316;
14532;
32767;
32818;
32818;
33021;
801;
33314;
32767;
32594;
32609;
31788;
51403;
19658;
30711;
31392;
3496;
3088;
859;
2398;
31091;
29272;
28429;
29221;
5794;
37747;
33372;
4055;
24280;
20830;
824;
867;
774;
32137;
38234;
7505;
704;
22798;
55499;
33655;
12722;
33567;
37306;
15691;
31213;
57299;
29809;
3696;
9637;
38351;
54319;
50178;
45010;
40242;
19935;
11738;
12593;
29037;
28198;
14230;
14712;
25817;
25682;
13939;
24527;
11042;
91;
0;
35;
32802;
33041;
20473;
47835;
29578;
33710;
31767;
32749;
32805;
1757;
31959;
30867;
609;
32333;
32705;
11772;
43641;
35151;
9781;
39578;
32889;
809;
8193;
40332;
42619;
10003;
31825;
32169;
14886;
43778;
34542;
7499;
32368;
31431;
25034;
24298;
1190;
24224;
25008;
1332;
28;
13478;
46245;
51544;
19239;
788;
11159;
37104;
26491;
32986;
32767;
22765;
55532;
34081;
14543;
13562;
33100;
57296;
25167;
32756;
32117;
31226;
38552;
20334;
13338;
17487;
17794;
4692;
4535;
4636;
21155;
42411;
25545;
32381;
33002;
755;
32463;
33089;
3754;
35896;
33485;
26895;
26358;
11941;
44528;
32793;
21801;
53428;
32135;
13523;
13801;
761;
13335;
13335;
16828;
49595;
32767;
11957;
44725;
33415;
1307;
3438;
34076;
31944;
30170;
29944;
22579;
53575;
32100;
809;
288;
18337;
50910;
65501;
50160;
17882;
489;
0;
32749;
65517;
35503;
3538;
801;
6663;
39431;
65535;
59037;
54460;
57544;
30807;
34220;
43781;
11580;
566;
65;
65;
100;
14222;
14416;
411;
1797;
5756;
35275;
58548;
46610;
20036;
1198;
628;
204;
518;
563;
3427;
31267;
43331;
18285;
8488;
5905;
308;
52;
21025;
27047;
22051;
43085;
59823;
51182;
25988;
29230;
54425;
35014;
3019;
772;
30395;
44874;
16394;
2542;
627;
132;
4757;
15675;
39357;
31887;
31764;
58488;
61228;
44696;
14919;
1147;
854;
854;
23413;
56180;
33639;
1564;
692;
32;
18213;
42558;
26487;
23037;
51493;
55334;
25576;
1556;
1377;
1336;
7315;
12189;
20796;
15929;
4479;
22467;
34942;
35275;
19447;
27393;
55772;
61361;
64672;
46559;
24114;
31248;
36163;
19381;
4993;
11317;
11777;
780;
20371;
41305;
22785;
1838;
19631;
34875;
16078;
2299;
32935;
42614;
37190;
32437;
6679;
875;
13372;
38053;
55151;
41892;
13988;
8542;
28174;
47116;
49120;
25415;
28236;
26855;
23603;
23373;
8726;
33191;
28368;
32151;
51562;
23291;
24900;
29512;
7841;
26356;
27303;
27513;
24658;
18309;
19527;
24554;
44551;
30435;
21062;
31396;
18842;
23110;
42502;
39964;
34001;
13948;
22659;
25112;
20907;
28204;
24920;
32076;
18442;
7231;
25487;
40650;
21454;
19281;
38111;
32905;
14870;
11911;
12329;
3738;
29393;
28153;
26553;
29379;
16179;
15611;
20450;
46359;
31642;
20417;
37856;
24448;
21275;
17210;
17439;
27676;
32596;
22221;
23792;
26050;
19626;
27113;
10263;
19207;
23335;
7916;
3891;
26715;
26603;
2803;
17477;
22073;
22483;
19741;
13878;
32013;
27459;
14846;
27089;
19527;
20774;
43142;
24759;
441;
2294;
27308;
44941;
50586;
31056;
584;
23549;
55748;
35908;
3141;
13998;
46236;
32237;
203;
17205;
17128;
20497;
51506;
33900;
7660;
31719;
35707;
8904;
25213;
25367;
27401;
27835;
12705;
31659;
19562;
312;
28832;
28520;
417;
1136;
33485;
33938;
1869;
697;
524;
1116;
17703;
17111;
664;
1361;
33458;
52090;
32748;
20180;
7020;
259;
550;
8792;
8829;
33338;
56140;
35941;
43446;
61553;
31722;
9629;
41332;
40914;
27580;
21288;
4869;
7331;
4316;
6977;
6977;
606;
14252;
45730;
64840;
33905;
5455;
7852;
12681;
9824;
1348;
27097;
49712;
48580;
44962;
25730;
6996;
31520;
36915;
22616;
20782;
12706;
8688;
6791;
37799;
61764;
48009;
34348;
47463;
31019;
27126;
58365;
53646;
28137;
17339;
11420;
188;
664;
758;
630;
5069;
27142;
46167;
39159;
17008;
15523;
39290;
53391;
60391;
34499;
13654;
16575;
5476;
4967;
6500;
3799;
2000;
505;
771;
23574;
51431;
51940;
53903;
51428;
39425;
30880;
38807;
53652;
35204;
9157;
4122;
2971;
16971;
48307;
53335;
21710;
456;
1046;
33357;
32767;
963;
30791;
29850;
18455;
18591;
636;
478;
30443;
31000;
660;
6793;
39237;
33129;
15473;
15966;
1329;
20828;
21036;
7923;
7902;
21627;
21536;
19631;
19378;
32866;
33276;
7107;
6839;
16835;
31040;
34484;
20038;
18918;
19569;
33418;
32767;
28595;
28595;
32572;
37725;
5681;
33245;
33321;
33370;
33266;
1849;
12801;
11450;
32570;
32570;
8606;
8606;
32767;
33477;
2062;
14547;
13567;
372;
462;
13881;
13929;
33212;
32701;
32669;
65437;
33217;
449;
16960;
19557;
2840;
4386;
29249;
40071;
33041;
24687;
6836;
32993;
32828;
31729;
32117;
449;
435;
25146;
50586;
25887;
2683;
33833;
31397;
13750;
13873;
32869;
32511;
3946;
36713;
33215;
33215;
33090;
26670;
29642;
3295;
31391;
31442;
8635;
41351;
37051;
37030;
32746;
20635;
20983;
33116;
32767;
29726;
30146;
20094;
21150;
1737;
5229;
4967;
20987;
21577;
2946;
2438;
7763;
26044;
47233;
29046;
7420;
39536;
34737;
34862;
32948;
2846;
34561;
43536;
11925;
972;
8256;
39940;
33618;
1595;
302;
29667;
56771;
34673;
7267;
403;
21800;
53537;
36773;
15108;
10675;
200;
10591;
10864;
4540;
26063;
44296;
54447;
32264;
600;
425;
267;
7318;
35912;
28979;
31909;
49712;
43128;
56411;
59620;
49744;
21917;
532;
409;
448;
144;
6556;
6537;
408;
617;
225;
2639;
23535;
46036;
43166;
21105;
12462;
38743;
53647;
38993;
40603;
31199;
19726;
36187;
29299;
17000;
40923;
38775;
31741;
38192;
15851;
22441;
42134;
53850;
59874;
28278;
3475;
6130;
16949;
45508;
53009;
21838;
564;
15337;
15381;
388;
692;
465;
6924;
29766;
55668;
64462;
53509;
50341;
56555;
31684;
34194;
31016;
912;
728;
508;
7182;
38868;
31901;
0;
0;
3338;
4243;
905;
20398;
53165;
55673;
40787;
18361;
480;
912;
912;
0;
16435;
16632;
196;
26137;
26628;
491;
465;
1108;
30410;
62534;
65535;
62628;
30104;
16237;
22787;
6940;
3011;
10949;
22025;
46708;
33356;
1105;
516;
12855;
45224;
32661;
32652;
32381;
8702;
38888;
46617;
36429;
40212;
41711;
35585;
27758;
27684;
33482;
36381;
21148;
32825;
45489;
44435;
45476;
29765;
25889;
36382;
50477;
38549;
42104;
48376;
46910;
51061;
23555;
11908;
29414;
48352;
33556;
6788;
1672;
7907;
8152;
5457;
9310;
10631;
28038;
42206;
20705;
23354;
36289;
22536;
34836;
40940;
43875;
38703;
13092;
24421;
50979;
51114;
29394;
7854;
21612;
21812;
27712;
35291;
26420;
27596;
31845;
29402;
30053;
36243;
28248;
20031;
4802;
13641;
37983;
24848;
2958;
8601;
33062;
40063;
35424;
31467;
16560;
25279;
17971;
1171;
12050;
35496;
38964;
17620;
10597;
34078;
27286;
10794;
33223;
23560;
16112;
29077;
40119;
29105;
5527;
30367;
38514;
22811;
36381;
30853;
6305;
30021;
41712;
41164;
30123;
11296;
14017;
21897;
22493;
16376;
37122;
30373;
28681;
25578;
16482;
14977;
25690;
27017;
10349;
8801;
17922;
27958;
11658;
15641;
39575;
28560;
22901;
20364;
10715;
13745;
17499;
31900;
18533;
16775;
17711;
18554;
29453;
15110;
27487;
31187;
31920;
25417;
507;
21776;
33214;
23754;
24943;
26244;
31459;
22646;
15869;
28532;
32508;
21881;
23352;
24282;
11527;
22273;
37760;
26388;
14048;
22133;
30002;
26356;
23323;
14572;
9290;
24416;
27009;
22662;
18682;
14100;
24234;
20673;
11255;
25397;
27182;
12750;
8084;
25013;
26871;
20767;
36589;
32570;
16256;
24704;
24823;
12534;
10549;
19636;
20644;
23845;
23531;
18447;
26399;
13323;
6598;
16150;
29888;
18631;
5554;
25836;
41702;
42790;
23747;
24547;
25293;
5465;
23254;
22974;
18538;
37046;
26438;
18591;
30128;
38613;
38424;
26814;
12700;
24285;
21798;
14670;
33380;
39794;
23013;
21008;
27872;
12210;
9573;
14877;
25290;
35169;
38255;
31242;
12962;
17093;
25609;
31877;
22672;
13934;
30295;
20590;
5638;
23903;
39671;
36950;
37517;
32066;
15654;
9093;
20975;
16517;
12637;
27134;
33524;
36235;
37293;
32985;
21099;
17311;
29539;
32653;
30984;
33130;
35862;
31837;
27758;
28276;
16984;
9855;
13156;
26577;
34908;
29654;
19534;
17043;
32421;
34379;
25961;
15598;
4834;
11069;
23808;
22221;
24805;
34620;
23517;
28353;
23949;
12916;
30495;
34239;
25561;
12055;
16899;
30951;
37061;
41179;
26820;
8755;
7452;
11711;
13238;
12029;
7424;
13438;
32849;
41289;
37919;
24256;
24027;
27150;
10109;
1918;
9216;
27236;
36024;
33858;
16856;
553;
4410;
11207;
25402;
31213;
28622;
22152;
8953;
3104;
5849;
17013;
33586;
44211;
41278;
24602;
28662;
40150;
17395;
3195;
13134;
25845;
34886;
31906;
20071;
18529;
26671;
22339;
15304;
13233;
6955;
7073;
22821;
36648;
41036;
40732;
40540;
42355;
32521;
29334;
23283;
22906;
22094;
11809;
14372;
17370;
17503;
14412;
12962;
17434;
22144;
23567;
23962;
23210;
17591;
9808;
5209;
4204;
4394;
3584;
16392;
20371;
9840;
10776;
21158;
27671;
27724;
29627;
29989;
23080;
16629;
11852;
8304;
18404;
29989;
36725;
30331;
17314;
12530;
24959;
39494;
40739;
39948;
37162;
38213;
41520;
36906;
35401;
22307;
4817;
2987;
3278;
9149;
11601;
7129;
3271;
19505;
40106;
22485;
5175;
29928;
44383;
30507;
15925;
5698;
1646;
1132;
2590;
3984;
2302;
5612;
19183;
19898;
6260;
603;
1544;
14364;
13535;
1539;
6236;
8704;
13929;
22979;
36025;
36869;
13871;
1076;
1134;
1328;
3413;
7345;
10824;
16438;
10874;
544;
921;
7118;
8206;
6166;
9568;
6446;
1630;
558;
5526;
9403;
10650;
7923;
6847;
25946;
34607;
27561;
24536;
38384;
46820;
35350;
21244;
7151;
2107;
3491;
4676;
30659;
42465;
16854;
3682;
531;
4480;
26665;
40537;
39954;
33510;
15958;
10413;
24799;
29189;
37010;
42728;
28651;
34577;
49267;
53476;
52890;
43728;
26223;
9320;
14470;
27455;
23527;
17396;
19006;
15150;
13707;
25207;
38295;
24120;
836;
7121;
18378;
13127;
23061;
43749;
38394;
22005;
12286;
26673;
28840;
11167;
4554;
2192;
4229;
13948;
12036;
13473;
26556;
22126;
7182;
21337;
34516;
17181;
4012;
6262;
12108;
18999;
35587;
46735;
31571;
16546;
14865;
6110;
17720;
31437;
16027;
34713;
33121;
12532;
21063;
40742;
32260;
787;
14316;
25852;
36200;
49092;
52938;
58996;
31152;
9312;
30443;
22520;
1969;
1201;
31952;
52314;
51861;
63205;
55918;
43877;
24016;
21630;
38949;
27783;
6543;
12265;
31887;
27899;
13266;
14366;
17192;
15720;
34150;
26596;
13619;
36424;
48283;
41641;
22443;
9046;
5543;
3808;
2784;
24536;
27369;
6907;
2598;
443;
7012;
36722;
46988;
23994;
13055;
26524;
34300;
14056;
2531;
10867;
24415;
40582;
27494;
6523;
23914;
46391;
34334;
8699;
4229;
20929;
38868;
34779;
35339;
42624;
22033;
7038;
31719;
26327;
19524;
27353;
21276;
32249;
31626;
34230;
21742;
19316;
22577;
14932;
35561;
24684;
18530;
28198;
36093;
33526;
36968;
53333;
35451;
38496;
59276;
58371;
55012;
49918;
44861;
51767;
60815;
51254;
25048;
7115;
928;
784;
6546;
30910;
31610;
23835;
42234;
56762;
48691;
49513;
32349;
0;
0;
2978;
5529;
2734;
281;
97;
89;
89;
369;
17055;
30011;
13761;
26969;
55401;
43781;
43968;
50846;
39087;
25370;
8158;
22086;
43493;
37165;
21276;
6700;
5077;
21462;
20367;
30938;
29046;
13113;
29595;
17829;
26540;
35376;
35757;
41355;
14817;
10514;
30720;
27393;
9994;
3066;
3967;
29838;
54921;
29086;
21924;
21840;
26428;
33695;
10143;
21801;
31792;
12882;
17335;
28443;
20780;
9760;
19759;
49411;
30170;
26599;
46686;
21286;
4029;
35476;
32681;
6103;
17229;
11581;
10602;
37699;
33414;
24104;
19894;
29472;
31592;
27648;
25180;
24661;
24074;
24139;
23213;
25000;
26426;
25402;
24746;
5532;
35401;
38804;
26025;
18473;
31117;
58916;
36230;
8360;
9784;
30899;
21864;
31288;
38042;
7204;
11652;
36680;
25239;
8240;
14889;
37277;
30826;
536;
27369;
27379;
29273;
28949;
440;
25666;
48643;
35518;
13412;
1531;
30198;
31730;
4255;
2573;
30279;
33134;
29710;
26867;
15357;
15461;
774;
15172;
21961;
12060;
7603;
28091;
26465;
29256;
31616;
10695;
23107;
44786;
28797;
19125;
19565;
12351;
27772;
31951;
26372;
12268;
28787;
30467;
28040;
36357;
36886;
25274;
20271;
20254;
25983;
25954;
3507;
9203;
29875;
45480;
28038;
22453;
35804;
19998;
10263;
11921;
11696;
22227;
12447;
22038;
22184;
28963;
28889;
1185;
24043;
42201;
19397;
21467;
39316;
18444;
11576;
11628;
27302;
27075;
14875;
14814;
28411;
36994;
12028;
15377;
23333;
33249;
28686;
9528;
22808;
43776;
30291;
23294;
18442;
16555;
32892;
23712;
31384;
42830;
19895;
21944;
42368;
44611;
28856;
31202;
39178;
16989;
27755;
38495;
37464;
46269;
39687;
18794;
12463;
27242;
34987;
22366;
12937;
33473;
43125;
26681;
11261;
8616;
9982;
8437;
9248;
17184;
19012;
26335;
25905;
17562;
24013;
17392;
9333;
25386;
35934;
20606;
5895;
13556;
15030;
14787;
12609;
8432;
24973;
36864;
37350;
40966;
36165;
37016;
40001;
37010;
37115;
33689;
35456;
38244;
40127;
38744;
26063;
18416;
27814;
17796;
8240;
28694;
28656;
12137;
13412;
28646;
28072;
11916;
6102;
14861;
26169;
31266;
38324;
39153;
30890;
26630;
26804;
21504;
26247;
36966;
29766;
19625;
28120;
40615;
38829;
37952;
37155;
19253;
6587;
8891;
6675;
14976;
29405;
31349;
19974;
7534;
4920;
18392;
34026;
34823;
32853;
25108;
9624;
10736;
17677;
14665;
7672;
398;
1819;
7582;
15313;
25130;
16043;
4108;
26455;
26607;
7439;
30914;
43787;
16498;
26017;
27851;
14560;
42140;
59301;
43403;
17706;
36323;
47069;
14790;
32767;
32767;
26140;
26591;
22150;
48672;
27393;
2025;
34281;
32807;
28995;
37317;
40809;
32503;
25276;
25738;
609;
464;
2694;
3184;
22446;
53025;
43163;
13004;
25735;
56786;
56441;
24376;
11400;
11114;
5242;
6121;
17373;
32269;
24949;
26626;
38840;
26609;
8625;
6162;
23853;
25972;
7577;
9430;
9965;
5322;
6131;
10159;
24436;
27065;
12148;
10944;
11119;
9730;
18881;
33156;
43691;
43478;
37530;
32948;
19057;
11720;
27396;
40911;
41720;
26060;
19028;
30061;
21417;
29355;
47814;
42331;
41833;
24333;
6639;
27070;
41987;
27116;
10637;
14996;
12380;
638;
12777;
28537;
38467;
41723;
22601;
23277;
37339;
31583;
34732;
33593;
17410;
22502;
35853;
33812;
24578;
12069;
21043;
34126;
31363;
33542;
30797;
22088;
30246;
23115;
24104;
33542;
26489;
25218;
24152;
31579;
23875;
21782;
17989;
20715;
32088;
16155;
13583;
31165;
27568;
23811;
38629;
40475;
25341;
12620;
21372;
17759;
18034;
35150;
26262;
19698;
31972;
28153;
18168;
19252;
28830;
35313;
26868;
20923;
29651;
34302;
18292;
21619;
24885;
22957;
35555;
27118;
21976;
20060;
25647;
37171;
22075;
21776;
21262;
19857;
20734;
20887;
27499;
23384;
19399;
15389;
22469;
19871;
22699;
23024;
23320;
23938;
22189;
28137;
27910;
33402;
21710;
14340;
15670;
23999;
21950;
21440;
32159;
32215;
27175;
18537;
24117;
25221;
26524;
34767;
33492;
23336;
25780;
31668;
19494;
21841;
31103;
29858;
22053;
16494;
29261;
34438;
28958;
23837;
22638;
28977;
25717;
23818;
29339;
17443;
19668;
21177;
19910;
23354;
14441;
21990;
21212;
23296;
31367;
20217;
23607;
23176;
22888;
19519;
8305;
28787;
32236;
8800;
16879;
41728;
53497;
28609;
18604;
50824;
59151;
37218;
10703;
830;
841;
560;
10063;
31096;
43224;
37984;
42624;
39348;
12914;
24709;
24727;
15715;
15889;
622;
9930;
28120;
18927;
27551;
35019;
13198;
30458;
25273;
23370;
40577;
36821;
22763;
21220;
22550;
27511;
31085;
17016;
29827;
24179;
21334;
34271;
44126;
31372;
3522;
27188;
40348;
13563;
3416;
29475;
56113;
62454;
56581;
25108;
30352;
47439;
28147;
10024;
403;
3864;
34062;
40428;
19721;
20271;
11192;
18440;
40236;
28428;
27505;
35622;
18269;
22978;
28761;
25095;
16190;
24043;
31484;
27065;
40143;
24770;
26732;
34657;
22537;
30786;
23488;
26095;
27319;
12055;
11143;
7136;
8731;
20097;
33351;
20627;
20436;
39469;
21699;
20593;
31165;
25205;
24091;
22990;
22816;
20195;
20175;
27183;
28251;
16269;
11898;
12602;
37261;
48838;
18812;
1979;
8;
0;
272;
920;
9558;
34996;
58658;
59271;
28035;
1550;
3152;
2938;
417;
723;
760;
30847;
60793;
34463;
4629;
1132;
566;
0;
169;
169;
30142;
33245;
35803;
64919;
63571;
64099;
65514;
32767;
324;
528;
203;
9202;
9357;
312;
200;
43;
0;
0;
457;
32996;
65306;
45874;
38664;
35870;
31311;
20998;
32433;
56009;
26670;
3240;
22597;
34299;
11986;
648;
32978;
63198;
60587;
46028;
43875;
59343;
64406;
52716;
31378;
23378;
19527;
7582;
24874;
47510;
23038;
11163;
34870;
24285;
182;
356;
910;
1019;
1376;
1425;
33274;
42796;
37867;
60601;
65403;
44403;
42204;
63204;
65535;
41159;
8504;
510;
30519;
35099;
37746;
65247;
32479;
7046;
30792;
23746;
5841;
38021;
39876;
7899;
27747;
27624;
3131;
3051;
617;
1254;
24604;
24127;
32927;
44365;
11597;
2773;
33140;
50493;
52893;
32767;
0;
404;
462;
25748;
43598;
21612;
3704;
2715;
35483;
58205;
51040;
25767;
25029;
25327;
20151;
20118;
21155;
21102;
508;
28259;
28299;
27302;
55836;
48856;
20148;
31408;
34764;
3773;
29610;
29550;
24685;
55820;
31836;
2525;
3410;
24139;
25200;
27372;
25273;
28872;
29115;
27687;
52125;
26884;
32913;
31296;
5199;
18813;
26874;
12930;
31383;
31415;
30106;
30917;
3879;
23510;
42917;
25786;
3552;
29786;
38962;
15520;
14179;
35308;
27679;
29288;
50442;
21902;
1041;
19897;
51663;
32721;
15539;
36766;
21544;
29773;
29941;
32903;
33369;
6618;
32656;
26914;
243;
28281;
28565;
30946;
30843;
32948;
33185;
25717;
25884;
1342;
12265;
34873;
47540;
24671;
4527;
36786;
32756;
30866;
49617;
22672;
12919;
34758;
45930;
31045;
36720;
26228;
11108;
38047;
41878;
14592;
9000;
41223;
36625;
4898;
15680;
35280;
48310;
28689;
4164;
19349;
16014;
7161;
39610;
33060;
28625;
31231;
3064;
31818;
51772;
52165;
32615;
16280;
42204;
27161;
26026;
57672;
44328;
12255;
30491;
30504;
395;
11898;
12369;
16685;
41929;
26226;
13999;
16440;
3224;
510;
764;
22331;
32362;
25910;
15805;
5993;
36109;
31176;
20788;
33830;
13516;
29720;
30350;
640;
24248;
43314;
20679;
34332;
33004;
286;
26564;
59332;
33036;
268;
32111;
32738;
865;
10535;
42792;
32602;
31850;
32346;
625;
17207;
30530;
13716;
32421;
62609;
31903;
24637;
32289;
9883;
1256;
23030;
47324;
25234;
576;
17447;
36430;
40958;
22312;
6190;
6154;
14433;
20518;
15608;
13404;
35606;
63260;
32373;
948;
32344;
38299;
37890;
48318;
22651;
6150;
379;
6523;
34752;
28733;
1132;
30691;
45412;
44239;
29347;
1036;
1933;
11100;
36726;
27380;
6900;
6635;
10669;
30008;
44619;
28142;
32748;
55387;
25962;
5895;
31112;
30200;
6998;
14888;
12463;
32343;
64778;
32476;
198;
156;
26753;
35468;
11941;
35860;
65402;
33268;
500;
1108;
33332;
54507;
54540;
32865;
1049;
542;
1044;
24639;
55648;
38322;
6369;
620;
628;
31213;
49251;
18309;
283;
216;
228;
11860;
40063;
46045;
21662;
3852;
4828;
5245;
427;
22722;
46007;
45660;
47254;
41359;
34201;
49849;
32642;
523;
17418;
25524;
8163;
57;
12025;
25759;
44988;
64021;
63617;
62917;
54992;
36861;
37437;
37341;
17001;
5127;
1974;
9397;
42155;
46842;
14929;
854;
1062;
11604;
39987;
29445;
26977;
51583;
57373;
40345;
36982;
31002;
7788;
6527;
336;
14350;
46743;
64118;
38575;
11676;
5156;
329;
16090;
30765;
17715;
18737;
20239;
24395;
52620;
63024;
38999;
8949;
1441;
27009;
58320;
65314;
65535;
65535;
33293;
563;
36;
491;
667;
8521;
38122;
60740;
49173;
18828;
8729;
8733;
641;
19;
14200;
19767;
6117;
1139;
23323;
22765;
30;
19727;
52495;
38723;
6001;
99;
196;
2941;
3251;
30054;
62065;
65031;
32997;
430;
0;
547;
796;
249;
0;
556;
556;
1249;
1262;
430;
736;
688;
369;
16;
32783;
65535;
65335;
32706;
307;
288;
132;
363;
32121;
53190;
50355;
49792;
20888;
24367;
47535;
48467;
54572;
31839;
2853;
17170;
49617;
33114;
510;
424;
4690;
4765;
620;
31417;
50869;
37512;
31378;
46370;
61470;
29075;
558;
337;
152;
0;
395;
10311;
21134;
17965;
6746;
404;
33172;
64862;
50096;
50194;
34167;
1974;
403;
1737;
15064;
46497;
62321;
58159;
59293;
40793;
32850;
55513;
65535;
46034;
30093;
17210;
384;
518;
518;
252;
580;
328;
0;
19055;
51396;
37843;
20727;
15541;
33084;
47961;
16270;
1182;
31780;
63987;
57163;
41537;
16687;
1845;
2925;
1408;
1734;
34031;
50549;
17935;
179;
574;
10387;
12945;
3216;
420;
595;
26986;
41066;
24162;
10382;
830;
492;
16437;
47398;
33044;
1693;
12441;
18786;
17477;
42750;
45410;
14288;
8456;
35398;
37358;
10053;
563;
30925;
44949;
15016;
1854;
1432;
369;
25143;
51698;
26974;
32517;
35020;
3010;
10973;
12476;
33500;
46388;
42302;
27796;
3269;
33460;
30442;
29587;
46778;
17315;
23879;
31163;
7596;
468;
32884;
32729;
24216;
27939;
21523;
19310;
17053;
15617;
29062;
39871;
11316;
609;
10528;
41318;
43123;
12513;
32725;
34923;
23005;
25401;
26615;
25276;
3963;
828;
31876;
40415;
35779;
40087;
13875;
22006;
21792;
19686;
28318;
16022;
12191;
5610;
1171;
33389;
65535;
33138;
33138;
33625;
31381;
57666;
29032;
2486;
12665;
12255;
24895;
51431;
29341;
2618;
32026;
52829;
21952;
1323;
819;
19197;
18625;
6303;
6231;
24341;
51722;
29115;
2315;
1235;
12839;
43394;
42539;
11447;
4320;
4888;
1316;
25221;
26105;
2062;
3632;
3842;
33524;
45632;
45632;
45408;
13271;
2230;
1947;
29750;
40687;
11792;
4464;
36723;
46058;
13910;
32644;
32885;
1419;
644;
32853;
43413;
17165;
7129;
3655;
31724;
28678;
32001;
32103;
29081;
30042;
2568;
33482;
32145;
19023;
23230;
14028;
9818;
18263;
23363;
12850;
20308;
13378;
809;
16331;
20263;
17860;
20559;
10805;
34860;
39874;
9115;
15341;
18205;
5769;
3002;
26423;
26655;
29584;
29584;
30538;
45066;
15213;
3154;
21305;
26441;
10154;
2310;
32420;
32597;
3387;
17996;
19543;
5599;
24072;
23498;
27180;
27295;
1832;
2454;
1472;
1603;
13900;
38408;
54702;
29035;
21872;
32874;
12636;
8011;
38799;
44567;
27817;
15522;
29978;
39100;
9274;
563;
643;
1326;
11679;
37155;
52519;
28931;
10895;
33426;
29526;
8528;
7011;
24980;
47979;
46815;
36136;
17323;
4188;
25889;
44511;
37038;
21747;
7278;
13627;
28973;
35427;
38631;
40607;
35460;
34238;
39657;
37349;
28038;
23631;
31475;
33724;
22963;
22238;
28595;
30787;
32207;
32167;
29494;
29400;
34214;
33257;
17338;
14889;
29240;
35035;
32557;
21310;
11188;
17495;
17717;
7310;
8649;
12053;
19121;
27363;
17672;
6526;
18890;
34899;
38088;
25444;
21622;
24386;
15238;
15619;
21587;
29976;
38898;
39361;
38570;
39754;
40892;
43419;
39826;
37947;
28086;
14548;
13082;
7700;
11570;
26189;
34406;
28790;
12671;
9336;
20087;
25842;
33252;
35979;
26627;
24477;
31567;
22337;
20971;
32370;
19407;
15317;
27102;
23624;
23959;
25132;
22395;
30504;
24186;
24159;
33206;
24223;
17903;
27041;
20084;
16045;
24908;
25224;
29952;
28462;
18810;
23623;
32509;
25801;
25858;
31059;
34446;
30141;
24293;
30102;
21835;
24413;
34190;
21507;
23582;
24014;
25236;
27367;
27348;
25593;
16354;
10021;
21617;
37272;
28006;
29281;
25829;
28500;
36288;
20963;
12662;
17227;
11096;
19351;
22981;
12098;
23586;
29017;
19617;
25024;
32866;
17727;
7913;
22640;
20871;
16664;
32807;
31629;
18361;
23499;
21736;
11015;
23936;
34367;
33713;
30283;
31610;
33385;
21857;
16464;
22920;
19772;
16509;
24973;
19061;
20807;
32056;
26005;
27465;
20106;
20686;
22041;
8577;
16570;
30914;
24824;
24499;
21616;
11164;
24280;
26556;
25834;
33594;
23773;
23208;
31407;
18756;
21150;
24890;
22665;
30566;
22666;
23933;
26082;
23293;
20727;
25357;
25826;
18042;
27956;
23021;
21612;
32900;
23037;
22768;
31640;
27915;
27811;
34636;
24644;
17855;
20703;
26970;
22645;
14857;
28459;
22729;
21734;
28825;
24143;
26526;
18941;
19649;
32687;
24349;
16253;
23837;
22027;
25375;
27710;
24098;
31914;
23813;
29067;
28057;
7019;
16720;
38392;
23112;
12641;
39076;
56044;
44399;
15880;
1350;
1049;
755;
369;
31207;
60343;
31956;
3194;
988;
966;
7043;
25045;
49393;
36795;
6174;
31308;
58544;
42635;
15646;
32604;
56414;
32988;
19351;
10955;
716;
33092;
61486;
60969;
50672;
31520;
26012;
32636;
25962;
6446;
177;
97;
0;
593;
32565;
61484;
47692;
34579;
41076;
35827;
11471;
574;
766;
10423;
31276;
50443;
29262;
11298;
38991;
28209;
1220;
28832;
52440;
35765;
11545;
17447;
36640;
44509;
56446;
52791;
26294;
5329;
678;
1824;
2130;
664;
6566;
36366;
39031;
9587;
763;
29237;
60335;
43229;
42441;
43944;
46076;
65519;
57077;
27164;
2939;
123;
212;
14033;
37792;
44975;
53577;
49869;
22662;
5497;
496;
20367;
51509;
53759;
22414;
30656;
50534;
41177;
51650;
31007;
1008;
11202;
40098;
52113;
23203;
464;
17223;
38669;
22342;
1889;
17696;
20446;
11764;
27508;
47633;
53103;
25423;
22635;
54679;
52850;
20716;
32239;
32362;
29693;
61122;
34647;
3431;
1014;
32180;
63073;
53385;
22565;
27871;
27820;
16792;
24471;
11402;
3399;
0;
31621;
63013;
52852;
21461;
2919;
23050;
48384;
60474;
36267;
29901;
58623;
37747;
4980;
13206;
13206;
5654;
38421;
52586;
21083;
34031;
33260;
17383;
49657;
62521;
50174;
32119;
12092;
33161;
50795;
20452;
2808;
384;
25580;
27891;
2310;
377;
892;
32069;
34932;
3378;
0;
460;
32111;
31650;
24957;
54550;
62359;
34324;
7756;
32812;
26780;
30094;
29926;
0;
30853;
38896;
25391;
20854;
3506;
31173;
63017;
31844;
345;
926;
28150;
54086;
40183;
14151;
20894;
53177;
33417;
33417;
33639;
1337;
24653;
24671;
29624;
56606;
28309;
14339;
13495;
475;
33242;
32813;
18021;
28899;
15889;
8553;
4055;
12970;
27748;
15245;
31887;
33766;
2350;
25679;
49728;
25087;
13068;
21976;
10042;
33335;
53281;
50402;
30474;
1049;
15779;
15521;
3984;
4284;
33273;
34106;
3567;
34995;
32905;
3488;
29637;
26292;
31816;
32335;
25436;
24911;
30940;
39861;
11331;
35046;
37114;
4981;
27953;
29762;
25772;
23459;
32722;
32997;
22445;
41212;
19329;
33010;
33308;
3867;
3791;
33274;
32767;
29531;
29531;
32194;
64962;
33585;
29275;
28897;
16675;
16694;
19365;
26637;
13350;
6206;
21392;
26780;
38388;
32613;
17832;
18096;
29654;
61108;
37099;
15124;
10594;
29757;
37229;
10773;
6482;
36397;
35060;
13724;
21622;
10394;
18929;
19426;
17189;
23296;
6684;
19013;
38490;
37802;
38755;
20798;
2266;
24192;
42451;
20369;
9598;
34588;
51306;
50328;
48747;
43227;
24507;
6134;
510;
21486;
42177;
28785;
10663;
16099;
20082;
16195;
19354;
12157;
14171;
22617;
30374;
24623;
10330;
23959;
39588;
37767;
34409;
26628;
9421;
7515;
8866;
6484;
5217;
24090;
49006;
47084;
41880;
31754;
29480;
39282;
41747;
42654;
47375;
47004;
33479;
32316;
31031;
16307;
22870;
46506;
30010;
23190;
40175;
19709;
2470;
2442;
17768;
16341;
13071;
22891;
18977;
11757;
20031;
33148;
23130;
28227;
35611;
20063;
9170;
10059;
29757;
41555;
39495;
29084;
9353;
4759;
4921;
5916;
5210;
11656;
36193;
31191;
12863;
7067;
1198;
2917;
2478;
2261;
7251;
12689;
15430;
8395;
672;
23154;
47138;
26772;
16286;
27403;
34114;
22064;
1838;
6026;
17554;
17051;
13449;
9762;
17533;
30248;
22419;
17038;
15134;
9979;
22779;
43390;
47603;
45530;
43984;
22637;
15920;
36947;
38709;
21294;
11408;
13198;
33602;
44170;
30800;
41956;
56758;
29129;
7515;
7529;
1403;
1253;
603;
1048;
1040;
1033;
1142;
843;
4384;
33129;
57573;
29145;
835;
977;
4029;
14407;
11516;
4810;
10634;
8192;
10519;
18946;
11112;
801;
379;
360;
128;
0;
321;
24050;
24309;
580;
8707;
13787;
5194;
8392;
29331;
51660;
31247;
940;
299;
568;
29840;
45276;
25580;
29123;
52298;
65519;
54715;
22630;
772;
3256;
19753;
44851;
42761;
17943;
11735;
8750;
1059;
996;
894;
931;
660;
449;
230;
313;
3022;
32607;
56745;
45106;
38016;
21147;
1718;
23922;
52946;
48305;
40252;
48396;
54884;
28396;
945;
25005;
25330;
894;
732;
4685;
29595;
51045;
54111;
59788;
33740;
12165;
9805;
32348;
63089;
31472;
6401;
6428;
1156;
1036;
4476;
36657;
56779;
54926;
44026;
18176;
9525;
4546;
740;
1092;
420;
188;
7454;
7361;
244;
360;
208;
20169;
43808;
56296;
62073;
30152;
1116;
1144;
6493;
9597;
7596;
7545;
36307;
32492;
505;
550;
150;
246;
662;
1219;
30122;
60325;
63632;
65498;
53850;
52629;
63635;
45128;
41174;
54380;
28710;
4727;
27564;
55304;
61902;
60958;
43669;
19207;
5119;
899;
499;
22181;
45379;
23440;
4698;
20659;
33978;
25692;
11080;
4280;
2366;
28144;
41396;
14953;
27028;
37309;
12518;
2346;
29259;
32417;
4136;
15216;
15006;
24746;
48652;
40404;
16520;
24027;
33057;
23698;
14569;
728;
14582;
23314;
20900;
23040;
29649;
19362;
15153;
25893;
26617;
21196;
24175;
33514;
29112;
29843;
34243;
19847;
4012;
21760;
32341;
15365;
21942;
21302;
14723;
30306;
25080;
11367;
6169;
17535;
15830;
21734;
24724;
23214;
26910;
27228;
20606;
1984;
16154;
35432;
24868;
20948;
35435;
32180;
32812;
24386;
25063;
36877;
27167;
32122;
27417;
25692;
38767;
31299;
22187;
34691;
44840;
22045;
11021;
23789;
22750;
11661;
15922;
24452;
22701;
16912;
32328;
32231;
7182;
19599;
30543;
23005;
23182;
24128;
34904;
26268;
22425;
24112;
23768;
26636;
11989;
10303;
16107;
27811;
24895;
18284;
12221;
438;
22754;
26766;
26532;
22569;
20942;
30479;
10111;
24138;
28025;
12025;
25327;
43126;
27587;
24088;
24027;
29051;
27321;
24039;
32311;
19708;
19418;
24069;
31375;
34097;
21841;
4591;
29712;
29009;
26852;
26402;
12762;
12582;
8262;
30447;
23528;
33044;
41673;
10346;
31271;
60015;
37888;
31848;
23509;
29168;
30546;
10264;
14454;
6207;
26314;
26311;
29190;
30118;
24965;
24219;
23315;
23144;
18372;
24143;
8493;
4528;
11421;
31815;
24368;
2989;
13937;
37120;
43464;
27559;
12161;
31480;
36483;
9179;
9016;
29595;
31775;
25095;
30925;
24242;
32921;
25935;
23259;
30891;
8513;
638;
8024;
32532;
25040;
30266;
31527;
2381;
21880;
21251;
9717;
17671;
24960;
30859;
41278;
27543;
15157;
36547;
41864;
33558;
28283;
14940;
17211;
17469;
10650;
10311;
17592;
32471;
15739;
6753;
6015;
32236;
32631;
22049;
21971;
31072;
49377;
43704;
50821;
26454;
31652;
31328;
21134;
21099;
27572;
34361;
7713;
19015;
20060;
2149;
33236;
40775;
8760;
26191;
27987;
25412;
22864;
4823;
37288;
33033;
20750;
20851;
33436;
44134;
11943;
32999;
32423;
656;
23658;
37456;
15028;
18431;
17856;
24028;
24028;
32767;
33546;
32605;
31826;
651;
13068;
12417;
32316;
32898;
12780;
13095;
1494;
32773;
32177;
801;
33569;
35792;
3778;
31189;
38147;
40469;
33258;
8299;
40551;
39210;
28348;
22166;
12676;
32420;
43374;
25813;
18489;
33478;
18010;
13585;
13230;
30655;
30859;
5946;
19062;
35838;
22314;
32236;
32876;
19373;
50354;
48739;
44232;
45842;
19337;
953;
11929;
31136;
48041;
33407;
10515;
34956;
29438;
27897;
41876;
14532;
7601;
12849;
5914;
3405;
25836;
54396;
51171;
19455;
24929;
39727;
15368;
515;
31464;
31845;
10118;
30957;
25132;
4028;
12268;
24956;
15488;
2800;
1809;
14835;
14464;
1585;
644;
2051;
9137;
22877;
23677;
32916;
49249;
30371;
6473;
4300;
4957;
1816;
3237;
3189;
1681;
3483;
3403;
1729;
1864;
17996;
28941;
15353;
6801;
24072;
38552;
40934;
47018;
37515;
26610;
28622;
22094;
22869;
23666;
25167;
38293;
27732;
11962;
15229;
24499;
34627;
26396;
10093;
31676;
35835;
15866;
8475;
1064;
702;
1840;
15125;
29763;
34297;
46540;
44600;
16680;
26956;
27419;
7308;
25716;
41335;
24682;
4101;
2854;
2810;
2738;
2723;
18429;
19794;
3478;
10069;
27638;
29955;
18716;
21907;
44674;
49518;
39956;
34574;
19833;
36301;
44437;
14025;
987;
5074;
25825;
30067;
13372;
21184;
18962;
2626;
10373;
24655;
17922;
9616;
17964;
36200;
36512;
18287;
28430;
49990;
41444;
32535;
24397;
31426;
26137;
2984;
9203;
25002;
40942;
33214;
11332;
1102;
723;
20531;
49169;
28742;
4108;
31215;
54044;
27390;
452;
16086;
32412;
34183;
50625;
33442;
1022;
16648;
28481;
28073;
43890;
31420;
3896;
3667;
9698;
25068;
25973;
10035;
14156;
26228;
41227;
38394;
22224;
14952;
4665;
1545;
1797;
1403;
27921;
55340;
40020;
32285;
43707;
46687;
35129;
14806;
4431;
4647;
27398;
53986;
38594;
8416;
3725;
5393;
5645;
6542;
21803;
19684;
1059;
1046;
24717;
55704;
58194;
49076;
27942;
16818;
29070;
30464;
24964;
33674;
28150;
24821;
25037;
26618;
27652;
9979;
14720;
19295;
26726;
26956;
20127;
32165;
29386;
29379;
25213;
22003;
24573;
13614;
19332;
34247;
28132;
21400;
36123;
34788;
24812;
28288;
17578;
17845;
21515;
20977;
32352;
27393;
22848;
17155;
26014;
29942;
26745;
21496;
20603;
20105;
24519;
26647;
26306;
47068;
38623;
15350;
24842;
30818;
21135;
23717;
26604;
30032;
24133;
17514;
28208;
21515;
22070;
38221;
37107;
25524;
18850;
22965;
30869;
29474;
13446;
23102;
21675;
6607;
14569;
35886;
32233;
25977;
21859;
26621;
33703;
11791;
23816;
25289;
2168;
4279;
5377;
15312;
37288;
30892;
7836;
28665;
30666;
25184;
22933;
763;
30403;
32164;
16670;
14576;
31461;
31572;
406;
425;
31434;
62576;
39516;
8381;
2053;
20988;
46254;
37788;
14335;
4941;
1667;
851;
25564;
57733;
57792;
42046;
17122;
6073;
6572;
1161;
17123;
42504;
26361;
20871;
24904;
4860;
7236;
28152;
34833;
34744;
24762;
16330;
26650;
25316;
16648;
14153;
27455;
25258;
24274;
20054;
22387;
22190;
18801;
17464;
24908;
27968;
22931;
32237;
21139;
26678;
19799;
15994;
21528;
6721;
12577;
30544;
24135;
19684;
25689;
30437;
19412;
20265;
30352;
27012;
16462;
1297;
26229;
30760;
7459;
19906;
22294;
19882;
39306;
42035;
25109;
7068;
21742;
45232;
26237;
10291;
31141;
27153;
14275;
41972;
32665;
9704;
21712;
27880;
29181;
33420;
22025;
9021;
24479;
22101;
9510;
13337;
19958;
37040;
25847;
2150;
25722;
37034;
15936;
4365;
24096;
25205;
29013;
27598;
21374;
21689;
12359;
17552;
27735;
22321;
24901;
24919;
5836;
24933;
23805;
11069;
27311;
34138;
13607;
26718;
45680;
37610;
18773;
24565;
24471;
29400;
56862;
29731;
2826;
27081;
26529;
28379;
39673;
22349;
24415;
13558;
763;
21236;
21116;
33410;
55852;
23526;
31239;
30925;
30968;
63182;
44666;
12565;
12746;
21582;
9086;
4600;
34884;
30563;
24704;
24469;
11818;
16088;
6825;
4191;
30191;
43470;
17099;
6385;
4236;
24330;
24424;
32861;
33982;
33702;
39593;
9702;
18047;
19577;
4127;
672;
12793;
44888;
36145;
3919;
33308;
32767;
10426;
10491;
27590;
27776;
2109;
34460;
32825;
27497;
33506;
10892;
20377;
26602;
27577;
20715;
15318;
36538;
31005;
17607;
29110;
40598;
36949;
34958;
31272;
10035;
20854;
21481;
33489;
32893;
26302;
29137;
35576;
32866;
24632;
35356;
11253;
13876;
13887;
25069;
47638;
47252;
24829;
21933;
21872;
4143;
4288;
5945;
37043;
49957;
37399;
19417;
32385;
32017;
9813;
24600;
32298;
17517;
31975;
31969;
38;
419;
7667;
37986;
34023;
7502;
8941;
7388;
2626;
13731;
21062;
37551;
30336;
8717;
26242;
17642;
16149;
46271;
30122;
2064;
12378;
10874;
6127;
37232;
32111;
624;
8654;
8477;
755;
8048;
29307;
32269;
11099;
7095;
37880;
31629;
29773;
29799;
25;
32767;
32836;
32706;
47052;
14414;
9799;
9938;
22438;
22345;
23539;
55094;
32074;
492;
26646;
27414;
867;
3122;
31509;
58275;
30421;
932;
32863;
62406;
46002;
16720;
2203;
32175;
45484;
15569;
2104;
17035;
45144;
30414;
21361;
42142;
40082;
26274;
7812;
19145;
20084;
3504;
15078;
33308;
21475;
22286;
22443;
836;
21462;
36451;
15877;
1107;
5449;
23496;
19138;
872;
18793;
19522;
745;
16;
32033;
32561;
1422;
20694;
19799;
32637;
59959;
27926;
604;
32708;
32708;
1597;
30698;
33057;
4172;
4234;
4391;
1318;
2174;
7763;
11498;
5287;
1091;
2934;
3802;
22046;
52588;
33729;
5105;
34161;
31112;
1099;
29555;
29326;
424;
8083;
8413;
15225;
44388;
41521;
12422;
675;
18289;
27651;
9587;
32247;
47910;
47886;
32660;
3925;
29058;
46601;
21467;
736;
4821;
14547;
10354;
4220;
22896;
31269;
12479;
4111;
33052;
29363;
27867;
56678;
29165;
560;
26201;
43531;
18240;
27398;
39245;
27761;
15853;
15537;
41488;
48473;
22550;
4834;
26295;
22329;
406;
424;
12958;
31920;
19761;
616;
15126;
43355;
28816;
1136;
1281;
940;
846;
29008;
29035;
5775;
12698;
25530;
41289;
32874;
11885;
6322;
23530;
29283;
12434;
17732;
33361;
25775;
9328;
16232;
18010;
13983;
23149;
18634;
20146;
18548;
17584;
18669;
17149;
18389;
18028;
16810;
18016;
22237;
19810;
16847;
18561;
19478;
17815;
19420;
20483;
20436;
17387;
17184;
21081;
24282;
14880;
15308;
23613;
19689;
13841;
16402;
15091;
19007;
24652;
18838;
22720;
25549;
15898;
15379;
17746;
16887;
15757;
6540;
13148;
22840;
21451;
20609;
15209;
16834;
21781;
13646;
13750;
17216;
16838;
18501;
19517;
13159;
11601;
19186;
15233;
15369;
21172;
14007;
14376;
22923;
14049;
14102;
15789;
15339;
14862;
15688;
24218;
12161;
12558;
24700;
15678;
12252;
16488;
17040;
10570;
15539;
26094;
19255;
20505;
15774;
17634;
24640;
10215;
16278;
30440;
19529;
19713;
20835;
17346;
15537;
4802;
6028;
24213;
25573;
7331;
4842;
25813;
21520;
451;
569;
14668;
15944;
1833;
580;
11114;
15906;
5481;
603;
9070;
12817;
6471;
7412;
17276;
14589;
8464;
19308;
13383;
14043;
19895;
16528;
19089;
22414;
15714;
8165;
10461;
4600;
11746;
11751;
13294;
20260;
7611;
13337;
13663;
12551;
13718;
5932;
8787;
16752;
25913;
14391;
891;
9899;
25652;
26302;
10535;
3714;
10680;
9978;
2920;
587;
657;
651;
7728;
7760;
7936;
24411;
32709;
16072;
4160;
4303;
726;
9712;
25570;
33615;
17562;
369;
427;
427;
1496;
1603;
478;
560;
6350;
6975;
4007;
7748;
5506;
9970;
18178;
9307;
9251;
9142;
672;
6724;
6491;
563;
736;
9227;
10757;
2141;
425;
560;
748;
595;
542;
2339;
2376;
768;
801;
4437;
4378;
846;
1120;
857;
472;
595;
10499;
10418;
660;
2302;
6129;
4711;
1038;
2978;
2830;
1331;
2353;
1641;
604;
712;
732;
2793;
3534;
1430;
577;
795;
908;
771;
1790;
1646;
649;
1011;
2712;
4301;
3229;
1260;
635;
769;
2235;
2709;
1196;
804;
800;
726;
712;
712;
1992;
1892;
574;
590;
707;
948;
864;
726;
801;
739;
616;
692;
950;
878;
708;
777;
1120;
1088;
697;
715;
705;
688;
748;
766;
715;
878;
952;
723;
702;
1009;
934;
686;
923;
886;
587;
588;
740;
900;
830;
640;
617;
688;
812;
987;
883;
696;
947;
883;
878;
888;
870;
920;
904;
880;
827;
896;
856;
894;
808;
726;
609;
664;
796;
939;
862;
787;
982;
920;
716;
649;
976;
952;
670;
817;
902;
801;
766;
686;
744;
968;
843;
760;
780;
721;
812;
881;
880;
1001;
984;
755;
731;
737;
897;
888;
764;
1032;
953;
668;
680;
657;
668;
673;
841;
1019;
886;
884;
843;
672;
742;
820;
734;
900;
974;
865;
819;
720;
798;
889;
756;
649;
689;
686;
782;
913;
776;
736;
812;
792;
980;
1046;
830;
764;
819;
788;
755;
694;
657;
763;
864;
800;
793;
785;
768;
811;
769;
740;
798;
817;
780;
788;
814;
780;
734;
750;
712;
667;
776;
742;
718;
803;
771;
758;
774;
801;
766;
763;
737;
676;
721;
772;
748;
732;
769;
806;
712;
678;
779;
804;
916;
1000;
860;
761;
790;
864;
801;
811;
880;
841;
793;
779;
806;
752;
769;
950;
956;
792;
742;
740;
758;
764;
632;
652;
697;
756;
857;
772;
779;
880;
824;
932;
964;
841;
841;
750;
761;
788;
851;
766;
680;
808;
883;
838;
769;
756;
904;
916;
723;
707;
798;
1056;
1004;
760;
812;
822;
760;
793;
812;
801;
822;
811;
766;
784;
809;
833;
921;
1001;
1064;
937;
768;
800;
828;
782;
760;
776;
798;
824;
868;
808;
684;
760;
848;
809;
846;
840;
766;
787;
768;
742;
707;
936;
947;
857;
1104;
974;
756;
718;
668;
609;
707;
748;
736;
748;
860;
836;
656;
688;
737;
801;
841;
1025;
1008;
742;
721;
793;
852;
798;
752;
758;
747;
747;
739;
779;
812;
923;
921;
752;
793;
886;
1014;
952;
784;
809;
841;
835;
785;
760;
748;
952;
971;
811;
852;
841;
840;
870;
806;
704;
672;
728;
867;
828;
747;
800;
950;
990;
753;
670;
702;
676;
737;
817;
780;
724;
697;
793;
897;
876;
952;
868;
798;
835;
817;
801;
787;
832;
833;
870;
873;
753;
744;
795;
739;
718;
793;
771;
753;
787;
748;
814;
808;
720;
800;
809;
742;
739;
745;
915;
920;
734;
678;
708;
798;
777;
696;
745;
896;
916;
785;
835;
878;
718;
644;
718;
736;
788;
916;
904;
841;
1008;
1032;
843;
928;
883;
718;
796;
830;
736;
680;
734;
811;
788;
827;
833;
792;
796;
796;
771;
761;
772;
734;
708;
688;
750;
857;
819;
734;
771;
816;
801;
862;
803;
814;
801;
700;
822;
857;
784;
809;
868;
822;
796;
779;
705;
840;
868;
705;
704;
696;
883;
958;
772;
758;
820;
777;
756;
785;
694;
710;
801;
753;
670;
748;
793;
708;
665;
657;
787;
825;
827;
814;
708;
705;
729;
793;
817;
710;
753;
793;
697;
753;
825;
819;
798;
718;
684;
732;
758;
728;
710;
763;
841;
822;
796;
755;
747;
814;
795;
784;
732;
753;
955;
916;
758;
708;
728;
801;
816;
816;
760;
776;
792;
758;
776;
891;
806;
804;
872;
822;
827;
836;
790;
691;
880;
934;
774;
809;
880;
788;
753;
782;
745;
777;
798;
780;
766;
760;
779;
734;
737;
812;
819;
790;
742;
792;
809;
801;
764;
667;
696;
734;
760;
745;
761;
772;
766;
928;
937;
819;
820;
846;
704;
646;
766;
940;
843;
665;
782;
736;
739;
812;
707;
660;
732;
769;
782;
760;
972;
936;
702;
748;
736;
716;
761;
750;
716;
710;
769;
784;
731;
716;
697;
756;
766;
692;
691;
718;
771;
766;
756;
798;
748;
747;
768;
723;
760;
753;
705;
689;
707;
718;
622;
798;
896;
763;
764;
686;
640;
692;
707;
726;
796;
784;
753;
750;
705;
678;
681;
702;
780;
792;
732;
732;
750;
808;
785;
707;
740;
736;
756;
817;
824;
804;
782;
873;
865;
758;
729;
748;
732;
742;
787;
852;
864;
763;
713;
859;
980;
873;
728;
684;
764;
824;
905;
812;
681;
708;
643;
683;
806;
772;
817;
840;
740;
737;
728;
752;
726;
836;
873;
742;
771;
784;
795;
808;
748;
780;
766;
699;
705;
707;
830;
873;
768;
755;
833;
780;
644;
766;
824;
712;
708;
721;
672;
737;
792;
771;
718;
667;
721;
699;
654;
632;
739;
974;
1024;
848;
771;
771;
822;
846;
740;
747;
771;
736;
724;
787;
771;
777;
704;
616;
739;
740;
683;
721;
728;
761;
747;
852;
955;
769;
683;
724;
724;
692;
702;
718;
739;
760;
753;
720;
833;
832;
662;
667;
748;
758;
768;
766;
704;
667;
684;
718;
670;
667;
731;
684;
627;
774;
937;
827;
763;
721;
652;
699;
886;
996;
860;
731;
697;
731;
772;
766;
752;
716;
718;
928;
907;
742;
798;
832;
768;
803;
803;
718;
736;
766;
768;
768;
684;
620;
734;
780;
780;
763;
652;
691;
774;
668;
716;
796;
852;
844;
702;
688;
713;
796;
892;
788;
656;
726;
780;
728;
793;
824;
720;
771;
744;
764;
736;
681;
769;
694;
625;
692;
776;
729;
633;
624;
651;
750;
760;
713;
720;
854;
856;
728;
817;
785;
734;
769;
766;
755;
752;
748;
764;
691;
644;
752;
756;
734;
753;
811;
787;
737;
707;
670;
665;
612;
614;
680;
675;
662;
753;
758;
732;
763;
740;
692;
788;
905;
780;
656;
684;
840;
912;
798;
772;
824;
779;
846;
843;
753;
745;
593;
619;
715;
713;
748;
784;
728;
776;
795;
739;
860;
753;
740;
939;
897;
795;
718;
710;
742;
705;
758;
798;
716;
680;
656;
688;
716;
748;
739;
726;
784;
758;
750;
737;
868;
827;
724;
700;
638;
776;
806;
739;
720;
768;
732;
692;
689;
681;
776;
720;
644;
665;
688;
710;
688;
769;
769;
708;
731;
884;
913;
760;
742;
752;
784;
750;
684;
851;
835;
620;
681;
713;
734;
712;
619;
718;
736;
643;
691;
811;
755;
633;
708;
795;
787;
756;
740;
793;
707;
652;
724;
739;
817;
851;
758;
752;
713;
704;
694;
611;
699;
684;
771;
819;
707;
707;
696;
689;
760;
798;
686;
635;
662;
763;
865;
806;
697;
670;
707;
715;
761;
753;
659;
675;
780;
764;
724;
756;
715;
710;
704;
697;
721;
752;
680;
651;
728;
804;
777;
707;
696;
702;
734;
737;
808;
804;
720;
694;
688;
848;
880;
726;
716;
708;
772;
825;
664;
627;
731;
731;
720;
736;
747;
768;
878;
833;
686;
699;
936;
996;
889;
817;
657;
758;
918;
830;
713;
675;
652;
732;
766;
708;
715;
740;
712;
708;
713;
689;
676;
724;
769;
713;
729;
684;
718;
827;
878;
865;
747;
752;
731;
737;
784;
859;
883;
835;
782;
702;
705;
776;
748;
681;
760;
857;
820;
753;
713;
680;
755;
825;
776;
691;
704;
688;
729;
774;
704;
782;
875;
772;
710;
707;
657;
715;
715;
809;
804;
659;
704;
721;
740;
691;
609;
649;
716;
748;
801;
865;
816;
691;
798;
817;
731;
720;
692;
728;
873;
966;
793;
667;
774;
795;
785;
776;
716;
732;
710;
740;
777;
768;
726;
699;
796;
753;
676;
761;
694;
627;
672;
745;
790;
700;
654;
680;
716;
769;
748;
769;
769;
836;
822;
672;
689;
697;
644;
768;
827;
742;
774;
763;
769;
763;
712;
715;
801;
846;
736;
833;
841;
713;
718;
657;
712;
747;
790;
795;
761;
752;
683;
753;
763;
844;
864;
824;
892;
800;
750;
744;
720;
736;
718;
726;
764;
742;
764;
780;
784;
790;
683;
731;
787;
867;
854;
640;
632;
726;
801;
771;
756;
726;
774;
788;
768;
694;
664;
731;
702;
768;
731;
742;
792;
768;
756;
769;
772;
828;
891;
792;
851;
851;
748;
790;
753;
694;
673;
830;
833;
758;
774;
680;
718;
760;
843;
880;
764;
624;
644;
731;
699;
710;
662;
654;
700;
715;
755;
811;
950;
872;
694;
702;
708;
766;
756;
718;
796;
900;
859;
700;
689;
691;
728;
801;
777;
779;
816;
756;
680;
678;
681;
700;
740;
728;
713;
707;
804;
827;
694;
753;
700;
657;
755;
689;
667;
702;
721;
753;
780;
732;
680;
732;
705;
763;
796;
697;
638;
656;
697;
686;
676;
688;
744;
796;
800;
756;
745;
747;
724;
788;
766;
734;
774;
756;
832;
793;
756;
702;
656;
731;
635;
595;
678;
686;
752;
782;
731;
737;
777;
812;
766;
688;
673;
644;
652;
692;
736;
766;
718;
676;
606;
640;
763;
798;
873;
892;
860;
769;
654;
696;
716;
702;
740;
851;
835;
739;
670;
595;
633;
721;
720;
692;
782;
787;
763;
720;
633;
635;
681;
732;
867;
1038;
900;
744;
838;
931;
848;
745;
729;
724;
718;
726;
764;
779;
864;
840;
752;
764;
796;
824;
790;
731;
800;
768;
616;
697;
844;
822;
700;
675;
801;
809;
705;
756;
769;
713;
697;
740;
736;
694;
728;
792;
761;
716;
720;
752;
755;
697;
723;
772;
798;
739;
740;
747;
795;
785;
753;
913;
864;
795;
790;
737;
756;
721;
625;
665;
756;
760;
750;
724;
708;
736;
740;
696;
566;
572;
732;
718;
688;
769;
817;
758;
713;
696;
716;
744;
724;
718;
660;
712;
776;
676;
696;
758;
721;
734;
763;
761;
740;
854;
787;
588;
641;
844;
860;
731;
716;
745;
740;
744;
899;
870;
750;
692;
683;
665;
670;
697;
665;
734;
793;
800;
760;
726;
732;
851;
780;
643;
792;
832;
728;
609;
609;
688;
704;
721;
664;
648;
758;
812;
776;
750;
708;
648;
673;
721;
732;
715;
713;
686;
676;
737;
732;
790;
771;
676;
809;
1014;
894;
712;
708;
696;
702;
744;
747;
812;
848;
740;
676;
590;
627;
700;
640;
627;
665;
680;
868;
963;
822;
753;
702;
744;
844;
771;
670;
640;
700;
872;
828;
700;
715;
836;
900;
771;
675;
694;
724;
723;
721;
784;
766;
779;
753;
681;
700;
691;
688;
651;
707;
740;
697;
697;
782;
771;
712;
712;
764;
795;
737;
716;
620;
632;
641;
608;
632;
668;
715;
745;
699;
713;
760;
724;
708;
662;
683;
761;
744;
694;
740;
772;
736;
684;
707;
784;
787;
752;
755;
766;
726;
724;
827;
788;
710;
699;
812;
801;
680;
739;
779;
720;
680;
763;
782;
731;
731;
758;
768;
672;
622;
729;
755;
704;
657;
694;
740;
705;
676;
614;
676;
721;
782;
816;
780;
692;
625;
707;
699;
689;
692;
683;
739;
716;
697;
848;
814;
708;
684;
758;
795;
736;
872;
881;
796;
776;
697;
664;
667;
817;
840;
760;
739;
684;
675;
724;
713;
632;
680;
728;
710;
704;
664;
931;
1110;
835;
724;
788;
838;
808;
718;
680;
683;
724;
715;
689;
723;
691;
694;
665;
662;
672;
630;
800;
840;
696;
742;
790;
816;
729;
648;
726;
734;
817;
905;
912;
843;
728;
814;
817;
721;
683;
656;
716;
758;
809;
976;
953;
734;
702;
740;
692;
652;
697;
748;
764;
792;
756;
705;
686;
657;
601;
638;
756;
776;
745;
683;
673;
769;
776;
710;
640;
574;
633;
710;
691;
659;
774;
787;
721;
697;
657;
721;
728;
680;
761;
784;
750;
728;
692;
699;
710;
720;
744;
748;
700;
708;
672;
697;
729;
800;
784;
715;
740;
768;
777;
710;
672;
654;
662;
702;
705;
664;
769;
739;
638;
758;
753;
696;
713;
665;
641;
673;
659;
660;
705;
732;
742;
700;
659;
702;
704;
721;
731;
700;
700;
763;
910;
873;
712;
681;
694;
662;
680;
787;
766;
684;
707;
803;
889;
771;
662;
675;
665;
659;
665;
700;
800;
768;
700;
768;
784;
692;
665;
681;
681;
672;
838;
944;
715;
651;
683;
662;
665;
667;
713;
723;
656;
630;
784;
905;
787;
641;
636;
672;
780;
811;
876;
833;
678;
704;
700;
708;
710;
638;
670;
691;
742;
819;
739;
817;
806;
702;
721;
702;
739;
737;
707;
737;
699;
692;
654;
620;
707;
710;
649;
670;
708;
801;
752;
643;
689;
678;
616;
585;
684;
776;
772;
697;
696;
774;
761;
712;
696;
700;
700;
676;
587;
704;
809;
673;
705;
713;
625;
670;
691;
681;
705;
689;
635;
672;
702;
646;
742;
859;
830;
732;
678;
662;
664;
804;
835;
832;
806;
691;
710;
872;
779;
609;
632;
664;
707;
696;
721;
798;
764;
660;
688;
720;
708;
691;
680;
646;
737;
747;
667;
779;
812;
705;
712;
708;
676;
728;
732;
732;
676;
667;
716;
798;
739;
627;
627;
668;
737;
696;
675;
667;
652;
654;
636;
632;
648;
632;
601;
636;
732;
689;
632;
691;
628;
592;
752;
761;
699;
729;
689;
809;
792;
641;
670;
603;
576;
753;
742;
718;
731;
664;
654;
683;
678;
630;
656;
720;
718;
632;
644;
654;
638;
668;
692;
692;
657;
595;
670;
720;
665;
643;
697;
718;
664;
681;
683;
659;
646;
664;
680;
660;
568;
564;
636;
660;
736;
707;
638;
640;
598;
588;
603;
612;
604;
606;
670;
664;
716;
745;
641;
692;
708;
636;
640;
622;
648;
691;
673;
696;
689;
632;
635;
644;
646;
675;
673;
659;
668;
667;
652;
659;
712;
708;
696;
676;
648;
665;
676;
657;
612;
705;
750;
672;
692;
704;
694;
673;
643;
632;
646;
654;
689;
692;
630;
644;
651;
640;
652;
688;
587;
550;
670;
648;
673;
676;
619;
633;
636;
644;
630;
564;
665;
708;
604;
646;
723;
692;
633;
641;
627;
656;
680;
676;
681;
651;
601;
742;
806;
668;
649;
710;
736;
662;
584;
592;
723;
742;
651;
627;
627;
643;
630;
604;
609;
644;
713;
700;
648;
657;
649;
643;
633;
652;
644;
651;
649;
628;
654;
704;
694;
628;
651;
649;
584;
571;
620;
619;
606;
609;
630;
614;
606;
641;
619;
595;
593;
596;
604;
620;
712;
664;
600;
656;
625;
561;
556;
606;
627;
640;
630;
627;
622;
686;
697;
700;
692;
584;
584;
608;
603;
572;
606;
635;
664;
681;
644;
630;
673;
611;
585;
627;
574;
716;
795;
702;
710;
662;
571;
612;
625;
579;
584;
593;
593;
601;
590;
587;
593;
603;
644;
652;
659;
662;
609;
646;
659;
611;
640;
646;
648;
646;
